#MiniLight

100

162 100

(3.125e+000 1.770e+000 5.000e-002) (-6.000e-001 -3.000e-001 1.000e+000) 100


(9.759e-001 9.882e-001 1.036e+000) (0.1 0.09 0.07)


(0.000e+000 1.225e-016 4.000e+000) (4.000e+000 -1.225e-016 0.000e+000) (0.000e+000 -1.225e-016 0.000e+000)  (0.5 0.5 0.45) (0 0 0)
(4.000e+000 -1.225e-016 0.000e+000) (0.000e+000 1.225e-016 4.000e+000) (4.000e+000 1.225e-016 4.000e+000)  (0.5 0.5 0.45) (0 0 0)
(0.000e+000 2.600e+000 0.000e+000) (4.000e+000 2.600e+000 4.000e+000) (0.000e+000 2.600e+000 4.000e+000)  (0.9 0.9 0.9) (0 0 0)
(4.000e+000 2.600e+000 4.000e+000) (0.000e+000 2.600e+000 0.000e+000) (4.000e+000 2.600e+000 0.000e+000)  (0.9 0.9 0.9) (0 0 0)
(4.000e+000 2.600e+000 4.000e+000) (4.000e+000 -1.875e-033 0.000e+000) (4.000e+000 -1.875e-033 4.000e+000)  (0.87 0.87 0.9) (0 0 0)
(4.000e+000 -1.875e-033 0.000e+000) (4.000e+000 2.600e+000 4.000e+000) (4.000e+000 2.600e+000 0.000e+000)  (0.87 0.87 0.9) (0 0 0)
(0.000e+000 2.600e+000 4.000e+000) (1.280e+000 -1.875e-033 4.000e+000) (0.000e+000 -1.875e-033 4.000e+000)  (0.87 0.87 0.9) (0 0 0)
(1.280e+000 -1.875e-033 4.000e+000) (0.000e+000 2.600e+000 4.000e+000) (1.280e+000 2.600e+000 4.000e+000)  (0.87 0.87 0.9) (0 0 0)
(2.720e+000 2.600e+000 4.000e+000) (4.000e+000 -1.875e-033 4.000e+000) (2.720e+000 -1.875e-033 4.000e+000)  (0.87 0.87 0.9) (0 0 0)
(4.000e+000 -1.875e-033 4.000e+000) (2.720e+000 2.600e+000 4.000e+000) (4.000e+000 2.600e+000 4.000e+000)  (0.87 0.87 0.9) (0 0 0)
(1.280e+000 2.600e+000 3.630e+000) (2.720e+000 1.160e+000 3.630e+000) (1.280e+000 1.160e+000 3.630e+000)  (0.87 0.87 0.9) (0 0 0)
(2.720e+000 1.160e+000 3.630e+000) (1.280e+000 2.600e+000 3.630e+000) (2.720e+000 2.600e+000 3.630e+000)  (0.87 0.87 0.9) (0 0 0)
(1.280e+000 1.160e+000 3.630e+000) (2.720e+000 -1.875e-033 3.630e+000) (1.280e+000 -1.875e-033 3.630e+000)  (0.386 0.338 0.289) (0 0 0)
(2.720e+000 -1.875e-033 3.630e+000) (1.280e+000 1.160e+000 3.630e+000) (2.720e+000 1.160e+000 3.630e+000)  (0.386 0.338 0.289) (0 0 0)
(1.280e+000 2.600e+000 4.000e+000) (1.280e+000 -1.875e-033 3.630e+000) (1.280e+000 -1.875e-033 4.000e+000)  (0.87 0.87 0.9) (0 0 0)
(1.280e+000 -1.875e-033 3.630e+000) (1.280e+000 2.600e+000 4.000e+000) (1.280e+000 2.600e+000 3.630e+000)  (0.87 0.87 0.9) (0 0 0)
(2.720e+000 2.600e+000 3.630e+000) (2.720e+000 -1.875e-033 4.000e+000) (2.720e+000 -1.875e-033 3.630e+000)  (0.87 0.87 0.9) (0 0 0)
(2.720e+000 -1.875e-033 4.000e+000) (2.720e+000 2.600e+000 3.630e+000) (2.720e+000 2.600e+000 4.000e+000)  (0.87 0.87 0.9) (0 0 0)
(-1.000e+000 3.062e-017 3.250e+000) (0.000e+000 -3.062e-017 7.500e-001) (-1.000e+000 -3.062e-017 7.500e-001)  (0.5 0.5 0.45) (0 0 0)
(0.000e+000 -3.062e-017 7.500e-001) (-1.000e+000 3.062e-017 3.250e+000) (0.000e+000 3.062e-017 3.250e+000)  (0.5 0.5 0.45) (0 0 0)
(-1.000e+000 2.300e+000 7.500e-001) (0.000e+000 2.300e+000 3.250e+000) (-1.000e+000 2.300e+000 3.250e+000)  (0.9 0.9 0.9) (0 0 0)
(0.000e+000 2.300e+000 3.250e+000) (-1.000e+000 2.300e+000 7.500e-001) (0.000e+000 2.300e+000 7.500e-001)  (0.9 0.9 0.9) (0 0 0)
(-1.000e+000 7.500e-001 3.250e+000) (-1.000e+000 -1.406e-033 7.500e-001) (-1.000e+000 7.500e-001 7.500e-001)  (0.87 0.87 0.9) (0 0 0)
(-1.000e+000 -1.406e-033 7.500e-001) (-1.000e+000 7.500e-001 3.250e+000) (-1.000e+000 1.406e-033 3.250e+000)  (0.87 0.87 0.9) (0 0 0)
(-1.000e+000 2.400e+000 3.250e+000) (-1.000e+000 2.150e+000 7.500e-001) (-1.000e+000 2.400e+000 7.500e-001)  (0.87 0.87 0.9) (0 0 0)
(-1.000e+000 2.150e+000 7.500e-001) (-1.000e+000 2.400e+000 3.250e+000) (-1.000e+000 2.150e+000 3.250e+000)  (0.87 0.87 0.9) (0 0 0)
(-1.000e+000 7.500e-001 3.250e+000) (0.000e+000 -1.406e-033 3.250e+000) (-1.000e+000 -1.406e-033 3.250e+000)  (0.87 0.87 0.9) (0 0 0)
(0.000e+000 -1.406e-033 3.250e+000) (-1.000e+000 7.500e-001 3.250e+000) (0.000e+000 7.500e-001 3.250e+000)  (0.87 0.87 0.9) (0 0 0)
(-1.000e+000 2.400e+000 3.250e+000) (0.000e+000 2.150e+000 3.250e+000) (-1.000e+000 2.150e+000 3.250e+000)  (0.87 0.87 0.9) (0 0 0)
(0.000e+000 2.150e+000 3.250e+000) (-1.000e+000 2.400e+000 3.250e+000) (0.000e+000 2.400e+000 3.250e+000)  (0.87 0.87 0.9) (0 0 0)
(-3.749e-033 7.500e-001 7.500e-001) (-1.000e+000 -1.406e-033 7.500e-001) (-3.749e-033 -1.406e-033 7.500e-001)  (0.87 0.87 0.9) (0 0 0)
(-1.000e+000 -1.406e-033 7.500e-001) (-3.749e-033 7.500e-001 7.500e-001) (-1.000e+000 7.500e-001 7.500e-001)  (0.87 0.87 0.9) (0 0 0)
(-3.749e-033 2.400e+000 7.500e-001) (-1.000e+000 2.150e+000 7.500e-001) (-3.749e-033 2.150e+000 7.500e-001)  (0.87 0.87 0.9) (0 0 0)
(-1.000e+000 2.150e+000 7.500e-001) (-3.749e-033 2.400e+000 7.500e-001) (-1.000e+000 2.400e+000 7.500e-001)  (0.87 0.87 0.9) (0 0 0)
(-3.062e-017 2.600e+000 3.250e+000) (-3.062e-017 2.300e+000 7.500e-001) (-9.185e-017 2.600e+000 7.500e-001)  (0.87 0.87 0.9) (0 0 0)
(-3.062e-017 2.300e+000 7.500e-001) (-3.062e-017 2.600e+000 3.250e+000) (3.062e-017 2.300e+000 3.250e+000)  (0.87 0.87 0.9) (0 0 0)
(-3.062e-017 2.600e+000 7.500e-001) (-3.062e-017 -4.874e-033 0.000e+000) (-9.185e-017 2.600e+000 0.000e+000)  (0.87 0.87 0.9) (0 0 0)
(-3.062e-017 -4.874e-033 0.000e+000) (-3.062e-017 2.600e+000 7.500e-001) (3.062e-017 4.874e-033 7.500e-001)  (0.87 0.87 0.9) (0 0 0)
(-3.062e-017 2.600e+000 4.000e+000) (-3.062e-017 -4.874e-033 3.250e+000) (-9.185e-017 2.600e+000 3.250e+000)  (0.87 0.87 0.9) (0 0 0)
(-3.062e-017 -4.874e-033 3.250e+000) (-3.062e-017 2.600e+000 4.000e+000) (3.062e-017 4.874e-033 4.000e+000)  (0.87 0.87 0.9) (0 0 0)
(-1.140e+000 7.500e-001 3.250e+000) (-1.000e+000 7.500e-001 7.500e-001) (-1.140e+000 7.500e-001 7.500e-001)  (0.386 0.338 0.289) (0 0 0)
(-1.000e+000 7.500e-001 7.500e-001) (-1.140e+000 7.500e-001 3.250e+000) (-1.000e+000 7.500e-001 3.250e+000)  (0.386 0.338 0.289) (0 0 0)
(-1.000e+000 2.150e+000 3.250e+000) (-1.140e+000 2.150e+000 7.500e-001) (-1.000e+000 2.150e+000 7.500e-001)  (0.386 0.338 0.289) (0 0 0)
(-1.140e+000 2.150e+000 7.500e-001) (-1.000e+000 2.150e+000 3.250e+000) (-1.140e+000 2.150e+000 3.250e+000)  (0.386 0.338 0.289) (0 0 0)
(-1.000e+000 7.500e-001 3.390e+000) (-1.400e-001 7.500e-001 3.250e+000) (-1.000e+000 7.500e-001 3.250e+000)  (0.386 0.338 0.289) (0 0 0)
(-1.400e-001 7.500e-001 3.250e+000) (-1.000e+000 7.500e-001 3.390e+000) (-1.400e-001 7.500e-001 3.390e+000)  (0.386 0.338 0.289) (0 0 0)
(-1.000e+000 7.500e-001 7.500e-001) (-1.400e-001 7.500e-001 6.100e-001) (-1.000e+000 7.500e-001 6.100e-001)  (0.386 0.338 0.289) (0 0 0)
(-1.400e-001 7.500e-001 6.100e-001) (-1.000e+000 7.500e-001 7.500e-001) (-1.400e-001 7.500e-001 7.500e-001)  (0.386 0.338 0.289) (0 0 0)
(-1.000e+000 2.150e+000 3.250e+000) (-1.400e-001 2.150e+000 3.390e+000) (-1.000e+000 2.150e+000 3.390e+000)  (0.386 0.338 0.289) (0 0 0)
(-1.400e-001 2.150e+000 3.390e+000) (-1.000e+000 2.150e+000 3.250e+000) (-1.400e-001 2.150e+000 3.250e+000)  (0.386 0.338 0.289) (0 0 0)
(-1.000e+000 2.150e+000 6.100e-001) (-1.400e-001 2.150e+000 7.500e-001) (-1.000e+000 2.150e+000 7.500e-001)  (0.386 0.338 0.289) (0 0 0)
(-1.400e-001 2.150e+000 7.500e-001) (-1.000e+000 2.150e+000 6.100e-001) (-1.400e-001 2.150e+000 6.100e-001)  (0.386 0.338 0.289) (0 0 0)
(-1.400e-001 2.150e+000 3.250e+000) (0.000e+000 7.500e-001 3.250e+000) (-1.400e-001 7.500e-001 3.250e+000)  (0.386 0.338 0.289) (0 0 0)
(0.000e+000 7.500e-001 3.250e+000) (-1.400e-001 2.150e+000 3.250e+000) (0.000e+000 2.150e+000 3.250e+000)  (0.386 0.338 0.289) (0 0 0)
(-1.400e-001 2.150e+000 3.390e+000) (-1.400e-001 7.500e-001 3.250e+000) (-1.400e-001 7.500e-001 3.390e+000)  (0.386 0.338 0.289) (0 0 0)
(-1.400e-001 7.500e-001 3.250e+000) (-1.400e-001 2.150e+000 3.390e+000) (-1.400e-001 2.150e+000 3.250e+000)  (0.386 0.338 0.289) (0 0 0)
(-1.400e-001 2.150e+000 7.500e-001) (-1.400e-001 7.500e-001 6.100e-001) (-1.400e-001 7.500e-001 7.500e-001)  (0.386 0.338 0.289) (0 0 0)
(-1.400e-001 7.500e-001 6.100e-001) (-1.400e-001 2.150e+000 7.500e-001) (-1.400e-001 2.150e+000 6.100e-001)  (0.386 0.338 0.289) (0 0 0)
(0.000e+000 2.150e+000 7.500e-001) (-1.400e-001 7.500e-001 7.500e-001) (0.000e+000 7.500e-001 7.500e-001)  (0.386 0.338 0.289) (0 0 0)
(-1.400e-001 7.500e-001 7.500e-001) (0.000e+000 2.150e+000 7.500e-001) (-1.400e-001 2.150e+000 7.500e-001)  (0.386 0.338 0.289) (0 0 0)
(-1.000e+000 2.150e+000 3.250e+000) (-1.000e+000 7.500e-001 3.390e+000) (-1.000e+000 7.500e-001 3.250e+000)  (0.386 0.338 0.289) (0 0 0)
(-1.000e+000 7.500e-001 3.390e+000) (-1.000e+000 2.150e+000 3.250e+000) (-1.000e+000 2.150e+000 3.390e+000)  (0.386 0.338 0.289) (0 0 0)
(-1.140e+000 2.150e+000 3.250e+000) (-1.000e+000 7.500e-001 3.250e+000) (-1.140e+000 7.500e-001 3.250e+000)  (0.386 0.338 0.289) (0 0 0)
(-1.000e+000 7.500e-001 3.250e+000) (-1.140e+000 2.150e+000 3.250e+000) (-1.000e+000 2.150e+000 3.250e+000)  (0.386 0.338 0.289) (0 0 0)
(-1.000e+000 2.150e+000 7.500e-001) (-1.140e+000 7.500e-001 7.500e-001) (-1.000e+000 7.500e-001 7.500e-001)  (0.386 0.338 0.289) (0 0 0)
(-1.140e+000 7.500e-001 7.500e-001) (-1.000e+000 2.150e+000 7.500e-001) (-1.140e+000 2.150e+000 7.500e-001)  (0.386 0.338 0.289) (0 0 0)
(-1.000e+000 2.150e+000 6.100e-001) (-1.000e+000 7.500e-001 7.500e-001) (-1.000e+000 7.500e-001 6.100e-001)  (0.386 0.338 0.289) (0 0 0)
(-1.000e+000 7.500e-001 7.500e-001) (-1.000e+000 2.150e+000 6.100e-001) (-1.000e+000 2.150e+000 7.500e-001)  (0.386 0.338 0.289) (0 0 0)
(-1.140e+000 8.075e-001 7.500e-001) (-1.140e+000 7.500e-001 1.375e+000) (-1.140e+000 7.500e-001 7.500e-001)  (0.34 0.34 0.34) (0 0 0)
(-1.140e+000 7.500e-001 1.375e+000) (-1.140e+000 8.075e-001 7.500e-001) (-1.140e+000 8.075e-001 1.375e+000)  (0.34 0.34 0.34) (0 0 0)
(-1.140e+000 1.780e+000 7.500e-001) (-1.140e+000 1.723e+000 1.375e+000) (-1.140e+000 1.723e+000 7.500e-001)  (0.34 0.34 0.34) (0 0 0)
(-1.140e+000 1.723e+000 1.375e+000) (-1.140e+000 1.780e+000 7.500e-001) (-1.140e+000 1.780e+000 1.375e+000)  (0.34 0.34 0.34) (0 0 0)
(-1.140e+000 1.838e+000 7.500e-001) (-1.140e+000 1.780e+000 1.375e+000) (-1.140e+000 1.780e+000 7.500e-001)  (0.34 0.34 0.34) (0 0 0)
(-1.140e+000 1.780e+000 1.375e+000) (-1.140e+000 1.838e+000 7.500e-001) (-1.140e+000 1.838e+000 1.375e+000)  (0.34 0.34 0.34) (0 0 0)
(-1.140e+000 2.150e+000 7.500e-001) (-1.140e+000 2.093e+000 1.375e+000) (-1.140e+000 2.093e+000 7.500e-001)  (0.34 0.34 0.34) (0 0 0)
(-1.140e+000 2.093e+000 1.375e+000) (-1.140e+000 2.150e+000 7.500e-001) (-1.140e+000 2.150e+000 1.375e+000)  (0.34 0.34 0.34) (0 0 0)
(-1.140e+000 1.723e+000 7.500e-001) (-1.140e+000 8.075e-001 8.075e-001) (-1.140e+000 8.075e-001 7.500e-001)  (0.34 0.34 0.34) (0 0 0)
(-1.140e+000 8.075e-001 8.075e-001) (-1.140e+000 1.723e+000 7.500e-001) (-1.140e+000 1.723e+000 8.075e-001)  (0.34 0.34 0.34) (0 0 0)
(-1.140e+000 1.723e+000 1.317e+000) (-1.140e+000 8.075e-001 1.375e+000) (-1.140e+000 8.075e-001 1.317e+000)  (0.34 0.34 0.34) (0 0 0)
(-1.140e+000 8.075e-001 1.375e+000) (-1.140e+000 1.723e+000 1.317e+000) (-1.140e+000 1.723e+000 1.375e+000)  (0.34 0.34 0.34) (0 0 0)
(-1.140e+000 2.092e+000 7.500e-001) (-1.140e+000 1.837e+000 8.075e-001) (-1.140e+000 1.837e+000 7.500e-001)  (0.34 0.34 0.34) (0 0 0)
(-1.140e+000 1.837e+000 8.075e-001) (-1.140e+000 2.092e+000 7.500e-001) (-1.140e+000 2.092e+000 8.075e-001)  (0.34 0.34 0.34) (0 0 0)
(-1.140e+000 2.092e+000 1.317e+000) (-1.140e+000 1.837e+000 1.375e+000) (-1.140e+000 1.837e+000 1.317e+000)  (0.34 0.34 0.34) (0 0 0)
(-1.140e+000 1.837e+000 1.375e+000) (-1.140e+000 2.092e+000 1.317e+000) (-1.140e+000 2.092e+000 1.375e+000)  (0.34 0.34 0.34) (0 0 0)
(-1.140e+000 8.075e-001 1.375e+000) (-1.140e+000 7.500e-001 2.000e+000) (-1.140e+000 7.500e-001 1.375e+000)  (0.34 0.34 0.34) (0 0 0)
(-1.140e+000 7.500e-001 2.000e+000) (-1.140e+000 8.075e-001 1.375e+000) (-1.140e+000 8.075e-001 2.000e+000)  (0.34 0.34 0.34) (0 0 0)
(-1.140e+000 1.780e+000 1.375e+000) (-1.140e+000 1.723e+000 2.000e+000) (-1.140e+000 1.723e+000 1.375e+000)  (0.34 0.34 0.34) (0 0 0)
(-1.140e+000 1.723e+000 2.000e+000) (-1.140e+000 1.780e+000 1.375e+000) (-1.140e+000 1.780e+000 2.000e+000)  (0.34 0.34 0.34) (0 0 0)
(-1.140e+000 1.838e+000 1.375e+000) (-1.140e+000 1.780e+000 2.000e+000) (-1.140e+000 1.780e+000 1.375e+000)  (0.34 0.34 0.34) (0 0 0)
(-1.140e+000 1.780e+000 2.000e+000) (-1.140e+000 1.838e+000 1.375e+000) (-1.140e+000 1.838e+000 2.000e+000)  (0.34 0.34 0.34) (0 0 0)
(-1.140e+000 2.150e+000 1.375e+000) (-1.140e+000 2.093e+000 2.000e+000) (-1.140e+000 2.093e+000 1.375e+000)  (0.34 0.34 0.34) (0 0 0)
(-1.140e+000 2.093e+000 2.000e+000) (-1.140e+000 2.150e+000 1.375e+000) (-1.140e+000 2.150e+000 2.000e+000)  (0.34 0.34 0.34) (0 0 0)
(-1.140e+000 1.723e+000 1.375e+000) (-1.140e+000 8.075e-001 1.433e+000) (-1.140e+000 8.075e-001 1.375e+000)  (0.34 0.34 0.34) (0 0 0)
(-1.140e+000 8.075e-001 1.433e+000) (-1.140e+000 1.723e+000 1.375e+000) (-1.140e+000 1.723e+000 1.433e+000)  (0.34 0.34 0.34) (0 0 0)
(-1.140e+000 1.723e+000 1.942e+000) (-1.140e+000 8.075e-001 2.000e+000) (-1.140e+000 8.075e-001 1.942e+000)  (0.34 0.34 0.34) (0 0 0)
(-1.140e+000 8.075e-001 2.000e+000) (-1.140e+000 1.723e+000 1.942e+000) (-1.140e+000 1.723e+000 2.000e+000)  (0.34 0.34 0.34) (0 0 0)
(-1.140e+000 2.092e+000 1.375e+000) (-1.140e+000 1.837e+000 1.433e+000) (-1.140e+000 1.837e+000 1.375e+000)  (0.34 0.34 0.34) (0 0 0)
(-1.140e+000 1.837e+000 1.433e+000) (-1.140e+000 2.092e+000 1.375e+000) (-1.140e+000 2.092e+000 1.433e+000)  (0.34 0.34 0.34) (0 0 0)
(-1.140e+000 2.092e+000 1.942e+000) (-1.140e+000 1.837e+000 2.000e+000) (-1.140e+000 1.837e+000 1.942e+000)  (0.34 0.34 0.34) (0 0 0)
(-1.140e+000 1.837e+000 2.000e+000) (-1.140e+000 2.092e+000 1.942e+000) (-1.140e+000 2.092e+000 2.000e+000)  (0.34 0.34 0.34) (0 0 0)
(-1.140e+000 8.075e-001 2.000e+000) (-1.140e+000 7.500e-001 2.625e+000) (-1.140e+000 7.500e-001 2.000e+000)  (0.34 0.34 0.34) (0 0 0)
(-1.140e+000 7.500e-001 2.625e+000) (-1.140e+000 8.075e-001 2.000e+000) (-1.140e+000 8.075e-001 2.625e+000)  (0.34 0.34 0.34) (0 0 0)
(-1.140e+000 1.780e+000 2.000e+000) (-1.140e+000 1.723e+000 2.625e+000) (-1.140e+000 1.723e+000 2.000e+000)  (0.34 0.34 0.34) (0 0 0)
(-1.140e+000 1.723e+000 2.625e+000) (-1.140e+000 1.780e+000 2.000e+000) (-1.140e+000 1.780e+000 2.625e+000)  (0.34 0.34 0.34) (0 0 0)
(-1.140e+000 1.838e+000 2.000e+000) (-1.140e+000 1.780e+000 2.625e+000) (-1.140e+000 1.780e+000 2.000e+000)  (0.34 0.34 0.34) (0 0 0)
(-1.140e+000 1.780e+000 2.625e+000) (-1.140e+000 1.838e+000 2.000e+000) (-1.140e+000 1.838e+000 2.625e+000)  (0.34 0.34 0.34) (0 0 0)
(-1.140e+000 2.150e+000 2.000e+000) (-1.140e+000 2.093e+000 2.625e+000) (-1.140e+000 2.093e+000 2.000e+000)  (0.34 0.34 0.34) (0 0 0)
(-1.140e+000 2.093e+000 2.625e+000) (-1.140e+000 2.150e+000 2.000e+000) (-1.140e+000 2.150e+000 2.625e+000)  (0.34 0.34 0.34) (0 0 0)
(-1.140e+000 1.723e+000 2.000e+000) (-1.140e+000 8.075e-001 2.058e+000) (-1.140e+000 8.075e-001 2.000e+000)  (0.34 0.34 0.34) (0 0 0)
(-1.140e+000 8.075e-001 2.058e+000) (-1.140e+000 1.723e+000 2.000e+000) (-1.140e+000 1.723e+000 2.058e+000)  (0.34 0.34 0.34) (0 0 0)
(-1.140e+000 1.723e+000 2.567e+000) (-1.140e+000 8.075e-001 2.625e+000) (-1.140e+000 8.075e-001 2.567e+000)  (0.34 0.34 0.34) (0 0 0)
(-1.140e+000 8.075e-001 2.625e+000) (-1.140e+000 1.723e+000 2.567e+000) (-1.140e+000 1.723e+000 2.625e+000)  (0.34 0.34 0.34) (0 0 0)
(-1.140e+000 2.092e+000 2.000e+000) (-1.140e+000 1.837e+000 2.058e+000) (-1.140e+000 1.837e+000 2.000e+000)  (0.34 0.34 0.34) (0 0 0)
(-1.140e+000 1.837e+000 2.058e+000) (-1.140e+000 2.092e+000 2.000e+000) (-1.140e+000 2.092e+000 2.058e+000)  (0.34 0.34 0.34) (0 0 0)
(-1.140e+000 2.092e+000 2.567e+000) (-1.140e+000 1.837e+000 2.625e+000) (-1.140e+000 1.837e+000 2.567e+000)  (0.34 0.34 0.34) (0 0 0)
(-1.140e+000 1.837e+000 2.625e+000) (-1.140e+000 2.092e+000 2.567e+000) (-1.140e+000 2.092e+000 2.625e+000)  (0.34 0.34 0.34) (0 0 0)
(-1.140e+000 8.075e-001 2.625e+000) (-1.140e+000 7.500e-001 3.250e+000) (-1.140e+000 7.500e-001 2.625e+000)  (0.34 0.34 0.34) (0 0 0)
(-1.140e+000 7.500e-001 3.250e+000) (-1.140e+000 8.075e-001 2.625e+000) (-1.140e+000 8.075e-001 3.250e+000)  (0.34 0.34 0.34) (0 0 0)
(-1.140e+000 1.780e+000 2.625e+000) (-1.140e+000 1.723e+000 3.250e+000) (-1.140e+000 1.723e+000 2.625e+000)  (0.34 0.34 0.34) (0 0 0)
(-1.140e+000 1.723e+000 3.250e+000) (-1.140e+000 1.780e+000 2.625e+000) (-1.140e+000 1.780e+000 3.250e+000)  (0.34 0.34 0.34) (0 0 0)
(-1.140e+000 1.838e+000 2.625e+000) (-1.140e+000 1.780e+000 3.250e+000) (-1.140e+000 1.780e+000 2.625e+000)  (0.34 0.34 0.34) (0 0 0)
(-1.140e+000 1.780e+000 3.250e+000) (-1.140e+000 1.838e+000 2.625e+000) (-1.140e+000 1.838e+000 3.250e+000)  (0.34 0.34 0.34) (0 0 0)
(-1.140e+000 2.150e+000 2.625e+000) (-1.140e+000 2.093e+000 3.250e+000) (-1.140e+000 2.093e+000 2.625e+000)  (0.34 0.34 0.34) (0 0 0)
(-1.140e+000 2.093e+000 3.250e+000) (-1.140e+000 2.150e+000 2.625e+000) (-1.140e+000 2.150e+000 3.250e+000)  (0.34 0.34 0.34) (0 0 0)
(-1.140e+000 1.723e+000 2.625e+000) (-1.140e+000 8.075e-001 2.683e+000) (-1.140e+000 8.075e-001 2.625e+000)  (0.34 0.34 0.34) (0 0 0)
(-1.140e+000 8.075e-001 2.683e+000) (-1.140e+000 1.723e+000 2.625e+000) (-1.140e+000 1.723e+000 2.683e+000)  (0.34 0.34 0.34) (0 0 0)
(-1.140e+000 1.723e+000 3.192e+000) (-1.140e+000 8.075e-001 3.250e+000) (-1.140e+000 8.075e-001 3.192e+000)  (0.34 0.34 0.34) (0 0 0)
(-1.140e+000 8.075e-001 3.250e+000) (-1.140e+000 1.723e+000 3.192e+000) (-1.140e+000 1.723e+000 3.250e+000)  (0.34 0.34 0.34) (0 0 0)
(-1.140e+000 2.092e+000 2.625e+000) (-1.140e+000 1.837e+000 2.683e+000) (-1.140e+000 1.837e+000 2.625e+000)  (0.34 0.34 0.34) (0 0 0)
(-1.140e+000 1.837e+000 2.683e+000) (-1.140e+000 2.092e+000 2.625e+000) (-1.140e+000 2.092e+000 2.683e+000)  (0.34 0.34 0.34) (0 0 0)
(-1.140e+000 2.092e+000 3.192e+000) (-1.140e+000 1.837e+000 3.250e+000) (-1.140e+000 1.837e+000 3.192e+000)  (0.34 0.34 0.34) (0 0 0)
(-1.140e+000 1.837e+000 3.250e+000) (-1.140e+000 2.092e+000 3.192e+000) (-1.140e+000 2.092e+000 3.250e+000)  (0.34 0.34 0.34) (0 0 0)
(-1.000e+000 8.075e-001 3.390e+000) (-1.400e-001 7.500e-001 3.390e+000) (-1.000e+000 7.500e-001 3.390e+000)  (0.34 0.34 0.34) (0 0 0)
(-1.400e-001 7.500e-001 3.390e+000) (-1.000e+000 8.075e-001 3.390e+000) (-1.400e-001 8.075e-001 3.390e+000)  (0.34 0.34 0.34) (0 0 0)
(-1.000e+000 1.780e+000 3.390e+000) (-1.400e-001 1.723e+000 3.390e+000) (-1.000e+000 1.723e+000 3.390e+000)  (0.34 0.34 0.34) (0 0 0)
(-1.400e-001 1.723e+000 3.390e+000) (-1.000e+000 1.780e+000 3.390e+000) (-1.400e-001 1.780e+000 3.390e+000)  (0.34 0.34 0.34) (0 0 0)
(-1.000e+000 1.838e+000 3.390e+000) (-1.400e-001 1.780e+000 3.390e+000) (-1.000e+000 1.780e+000 3.390e+000)  (0.34 0.34 0.34) (0 0 0)
(-1.400e-001 1.780e+000 3.390e+000) (-1.000e+000 1.838e+000 3.390e+000) (-1.400e-001 1.838e+000 3.390e+000)  (0.34 0.34 0.34) (0 0 0)
(-1.000e+000 2.150e+000 3.390e+000) (-1.400e-001 2.093e+000 3.390e+000) (-1.000e+000 2.093e+000 3.390e+000)  (0.34 0.34 0.34) (0 0 0)
(-1.400e-001 2.093e+000 3.390e+000) (-1.000e+000 2.150e+000 3.390e+000) (-1.400e-001 2.150e+000 3.390e+000)  (0.34 0.34 0.34) (0 0 0)
(-1.000e+000 1.723e+000 3.390e+000) (-9.209e-001 8.075e-001 3.390e+000) (-1.000e+000 8.075e-001 3.390e+000)  (0.34 0.34 0.34) (0 0 0)
(-9.209e-001 8.075e-001 3.390e+000) (-1.000e+000 1.723e+000 3.390e+000) (-9.209e-001 1.723e+000 3.390e+000)  (0.34 0.34 0.34) (0 0 0)
(-2.191e-001 1.723e+000 3.390e+000) (-1.400e-001 8.075e-001 3.390e+000) (-2.191e-001 8.075e-001 3.390e+000)  (0.34 0.34 0.34) (0 0 0)
(-1.400e-001 8.075e-001 3.390e+000) (-2.191e-001 1.723e+000 3.390e+000) (-1.400e-001 1.723e+000 3.390e+000)  (0.34 0.34 0.34) (0 0 0)
(-1.000e+000 2.092e+000 3.390e+000) (-9.209e-001 1.837e+000 3.390e+000) (-1.000e+000 1.837e+000 3.390e+000)  (0.34 0.34 0.34) (0 0 0)
(-9.209e-001 1.837e+000 3.390e+000) (-1.000e+000 2.092e+000 3.390e+000) (-9.209e-001 2.092e+000 3.390e+000)  (0.34 0.34 0.34) (0 0 0)
(-2.191e-001 2.092e+000 3.390e+000) (-1.400e-001 1.837e+000 3.390e+000) (-2.191e-001 1.837e+000 3.390e+000)  (0.34 0.34 0.34) (0 0 0)
(-1.400e-001 1.837e+000 3.390e+000) (-2.191e-001 2.092e+000 3.390e+000) (-1.400e-001 2.092e+000 3.390e+000)  (0.34 0.34 0.34) (0 0 0)
(-1.400e-001 8.075e-001 6.100e-001) (-1.000e+000 7.500e-001 6.100e-001) (-1.400e-001 7.500e-001 6.100e-001)  (0.34 0.34 0.34) (0 0 0)
(-1.000e+000 7.500e-001 6.100e-001) (-1.400e-001 8.075e-001 6.100e-001) (-1.000e+000 8.075e-001 6.100e-001)  (0.34 0.34 0.34) (0 0 0)
(-1.400e-001 1.780e+000 6.100e-001) (-1.000e+000 1.723e+000 6.100e-001) (-1.400e-001 1.723e+000 6.100e-001)  (0.34 0.34 0.34) (0 0 0)
(-1.000e+000 1.723e+000 6.100e-001) (-1.400e-001 1.780e+000 6.100e-001) (-1.000e+000 1.780e+000 6.100e-001)  (0.34 0.34 0.34) (0 0 0)
(-1.400e-001 1.838e+000 6.100e-001) (-1.000e+000 1.780e+000 6.100e-001) (-1.400e-001 1.780e+000 6.100e-001)  (0.34 0.34 0.34) (0 0 0)
(-1.000e+000 1.780e+000 6.100e-001) (-1.400e-001 1.838e+000 6.100e-001) (-1.000e+000 1.838e+000 6.100e-001)  (0.34 0.34 0.34) (0 0 0)
(-1.400e-001 2.150e+000 6.100e-001) (-1.000e+000 2.093e+000 6.100e-001) (-1.400e-001 2.093e+000 6.100e-001)  (0.34 0.34 0.34) (0 0 0)
(-1.000e+000 2.093e+000 6.100e-001) (-1.400e-001 2.150e+000 6.100e-001) (-1.000e+000 2.150e+000 6.100e-001)  (0.34 0.34 0.34) (0 0 0)
(-1.400e-001 1.723e+000 6.100e-001) (-2.191e-001 8.075e-001 6.100e-001) (-1.400e-001 8.075e-001 6.100e-001)  (0.34 0.34 0.34) (0 0 0)
(-2.191e-001 8.075e-001 6.100e-001) (-1.400e-001 1.723e+000 6.100e-001) (-2.191e-001 1.723e+000 6.100e-001)  (0.34 0.34 0.34) (0 0 0)
(-9.209e-001 1.723e+000 6.100e-001) (-1.000e+000 8.075e-001 6.100e-001) (-9.209e-001 8.075e-001 6.100e-001)  (0.34 0.34 0.34) (0 0 0)
(-1.000e+000 8.075e-001 6.100e-001) (-9.209e-001 1.723e+000 6.100e-001) (-1.000e+000 1.723e+000 6.100e-001)  (0.34 0.34 0.34) (0 0 0)
(-1.400e-001 2.092e+000 6.100e-001) (-2.191e-001 1.837e+000 6.100e-001) (-1.400e-001 1.837e+000 6.100e-001)  (0.34 0.34 0.34) (0 0 0)
(-2.191e-001 1.837e+000 6.100e-001) (-1.400e-001 2.092e+000 6.100e-001) (-2.191e-001 2.092e+000 6.100e-001)  (0.34 0.34 0.34) (0 0 0)
(-9.209e-001 2.092e+000 6.100e-001) (-1.000e+000 1.837e+000 6.100e-001) (-9.209e-001 1.837e+000 6.100e-001)  (0.34 0.34 0.34) (0 0 0)
(-1.000e+000 1.837e+000 6.100e-001) (-9.209e-001 2.092e+000 6.100e-001) (-1.000e+000 2.092e+000 6.100e-001)  (0.34 0.34 0.34) (0 0 0)
(4.000e+000 2.600e+000 -1.286e-016) (0.000e+000 -1.875e-033 4.592e-016) (4.000e+000 -1.875e-033 -3.062e-017)  (0.87 0.87 0.9) (0 0 0)
(0.000e+000 -1.875e-033 4.592e-016) (4.000e+000 2.600e+000 -1.286e-016) (0.000e+000 2.600e+000 3.613e-016)  (0.87 0.87 0.9) (0 0 0)
(1.875e+000 2.500e+000 2.125e+000) (1.875e+000 2.250e+000 2.125e+000) (2.125e+000 2.500e+000 2.125e+000)  (0.9 0.9 0.9) (2e+003 2e+003 2e+003)
(2.125e+000 2.250e+000 2.125e+000) (2.125e+000 2.500e+000 2.125e+000) (1.875e+000 2.250e+000 2.125e+000)  (0.9 0.9 0.9) (2e+003 2e+003 2e+003)
(2.125e+000 2.500e+000 1.875e+000) (2.125e+000 2.250e+000 1.875e+000) (1.875e+000 2.500e+000 1.875e+000)  (0.9 0.9 0.9) (2e+003 2e+003 2e+003)
(1.875e+000 2.250e+000 1.875e+000) (1.875e+000 2.500e+000 1.875e+000) (2.125e+000 2.250e+000 1.875e+000)  (0.9 0.9 0.9) (2e+003 2e+003 2e+003)
(1.875e+000 2.500e+000 1.875e+000) (1.875e+000 2.250e+000 1.875e+000) (1.875e+000 2.500e+000 2.125e+000)  (0.9 0.9 0.9) (2e+003 2e+003 2e+003)
(1.875e+000 2.250e+000 2.125e+000) (1.875e+000 2.500e+000 2.125e+000) (1.875e+000 2.250e+000 1.875e+000)  (0.9 0.9 0.9) (2e+003 2e+003 2e+003)
(2.125e+000 2.500e+000 2.125e+000) (2.125e+000 2.250e+000 2.125e+000) (2.125e+000 2.500e+000 1.875e+000)  (0.9 0.9 0.9) (2e+003 2e+003 2e+003)
(2.125e+000 2.250e+000 1.875e+000) (2.125e+000 2.500e+000 1.875e+000) (2.125e+000 2.250e+000 2.125e+000)  (0.9 0.9 0.9) (2e+003 2e+003 2e+003)
(1.875e+000 2.250e+000 2.125e+000) (1.875e+000 2.250e+000 1.875e+000) (2.125e+000 2.250e+000 2.125e+000)  (0.9 0.9 0.9) (2e+003 2e+003 2e+003)
(2.125e+000 2.250e+000 1.875e+000) (2.125e+000 2.250e+000 2.125e+000) (1.875e+000 2.250e+000 1.875e+000)  (0.9 0.9 0.9) (2e+003 2e+003 2e+003)
(1.875e+000 2.500e+000 2.125e+000) (2.125e+000 2.500e+000 1.875e+000) (1.875e+000 2.500e+000 1.875e+000)  (0.9 0.9 0.9) (0 0 0)
(2.125e+000 2.500e+000 1.875e+000) (1.875e+000 2.500e+000 2.125e+000) (2.125e+000 2.500e+000 2.125e+000)  (0.9 0.9 0.9) (0 0 0)
(1.938e+000 2.600e+000 2.063e+000) (1.938e+000 2.590e+000 2.063e+000) (2.063e+000 2.600e+000 2.063e+000)  (0.541 0.505 0.394) (0 0 0)
(2.063e+000 2.590e+000 2.063e+000) (2.063e+000 2.600e+000 2.063e+000) (1.938e+000 2.590e+000 2.063e+000)  (0.541 0.505 0.394) (0 0 0)
(2.063e+000 2.600e+000 1.938e+000) (2.063e+000 2.590e+000 1.938e+000) (1.938e+000 2.600e+000 1.938e+000)  (0.541 0.505 0.394) (0 0 0)
(1.938e+000 2.590e+000 1.938e+000) (1.938e+000 2.600e+000 1.938e+000) (2.063e+000 2.590e+000 1.938e+000)  (0.541 0.505 0.394) (0 0 0)
(1.938e+000 2.600e+000 1.938e+000) (1.938e+000 2.590e+000 1.938e+000) (1.938e+000 2.600e+000 2.063e+000)  (0.541 0.505 0.394) (0 0 0)
(1.938e+000 2.590e+000 2.063e+000) (1.938e+000 2.600e+000 2.063e+000) (1.938e+000 2.590e+000 1.938e+000)  (0.541 0.505 0.394) (0 0 0)
(2.063e+000 2.600e+000 2.063e+000) (2.063e+000 2.590e+000 2.063e+000) (2.063e+000 2.600e+000 1.938e+000)  (0.541 0.505 0.394) (0 0 0)
(2.063e+000 2.590e+000 1.938e+000) (2.063e+000 2.600e+000 1.938e+000) (2.063e+000 2.590e+000 2.063e+000)  (0.541 0.505 0.394) (0 0 0)
(1.938e+000 2.590e+000 2.063e+000) (1.938e+000 2.590e+000 1.938e+000) (2.063e+000 2.590e+000 2.063e+000)  (0.541 0.505 0.394) (0 0 0)
(2.063e+000 2.590e+000 1.938e+000) (2.063e+000 2.590e+000 2.063e+000) (1.938e+000 2.590e+000 1.938e+000)  (0.541 0.505 0.394) (0 0 0)
(1.990e+000 2.600e+000 2.010e+000) (1.990e+000 2.500e+000 2.010e+000) (2.010e+000 2.600e+000 2.010e+000)  (0.541 0.505 0.394) (0 0 0)
(2.010e+000 2.500e+000 2.010e+000) (2.010e+000 2.600e+000 2.010e+000) (1.990e+000 2.500e+000 2.010e+000)  (0.541 0.505 0.394) (0 0 0)
(2.010e+000 2.600e+000 1.990e+000) (2.010e+000 2.500e+000 1.990e+000) (1.990e+000 2.600e+000 1.990e+000)  (0.541 0.505 0.394) (0 0 0)
(1.990e+000 2.500e+000 1.990e+000) (1.990e+000 2.600e+000 1.990e+000) (2.010e+000 2.500e+000 1.990e+000)  (0.541 0.505 0.394) (0 0 0)
(1.990e+000 2.600e+000 1.990e+000) (1.990e+000 2.500e+000 1.990e+000) (1.990e+000 2.600e+000 2.010e+000)  (0.541 0.505 0.394) (0 0 0)
(1.990e+000 2.500e+000 2.010e+000) (1.990e+000 2.600e+000 2.010e+000) (1.990e+000 2.500e+000 1.990e+000)  (0.541 0.505 0.394) (0 0 0)
(2.010e+000 2.600e+000 2.010e+000) (2.010e+000 2.500e+000 2.010e+000) (2.010e+000 2.600e+000 1.990e+000)  (0.541 0.505 0.394) (0 0 0)
(2.010e+000 2.500e+000 1.990e+000) (2.010e+000 2.600e+000 1.990e+000) (2.010e+000 2.500e+000 2.010e+000)  (0.541 0.505 0.394) (0 0 0)
(1.990e+000 2.500e+000 2.010e+000) (1.990e+000 2.500e+000 1.990e+000) (2.010e+000 2.500e+000 2.010e+000)  (0.541 0.505 0.394) (0 0 0)
(2.010e+000 2.500e+000 1.990e+000) (2.010e+000 2.500e+000 2.010e+000) (1.990e+000 2.500e+000 1.990e+000)  (0.541 0.505 0.394) (0 0 0)
(0.000e+000 7.620e-001 1.500e+000) (0.000e+000 8.020e-001 1.500e+000) (6.123e-017 7.620e-001 2.500e+000)  (0.386 0.338 0.289) (0 0 0)
(6.123e-017 8.020e-001 2.500e+000) (6.123e-017 7.620e-001 2.500e+000) (0.000e+000 8.020e-001 1.500e+000)  (0.386 0.338 0.289) (0 0 0)
(-5.000e-001 7.620e-001 2.500e+000) (-5.000e-001 8.020e-001 2.500e+000) (-5.000e-001 7.620e-001 1.500e+000)  (0.386 0.338 0.289) (0 0 0)
(-5.000e-001 8.020e-001 1.500e+000) (-5.000e-001 7.620e-001 1.500e+000) (-5.000e-001 8.020e-001 2.500e+000)  (0.386 0.338 0.289) (0 0 0)
(-5.000e-001 7.620e-001 1.500e+000) (-5.000e-001 8.020e-001 1.500e+000) (0.000e+000 7.620e-001 1.500e+000)  (0.386 0.338 0.289) (0 0 0)
(0.000e+000 8.020e-001 1.500e+000) (0.000e+000 7.620e-001 1.500e+000) (-5.000e-001 8.020e-001 1.500e+000)  (0.386 0.338 0.289) (0 0 0)
(6.123e-017 7.620e-001 2.500e+000) (6.123e-017 8.020e-001 2.500e+000) (-5.000e-001 7.620e-001 2.500e+000)  (0.386 0.338 0.289) (0 0 0)
(-5.000e-001 8.020e-001 2.500e+000) (-5.000e-001 7.620e-001 2.500e+000) (6.123e-017 8.020e-001 2.500e+000)  (0.386 0.338 0.289) (0 0 0)
(0.000e+000 7.620e-001 1.500e+000) (6.123e-017 7.620e-001 2.500e+000) (-5.000e-001 7.620e-001 1.500e+000)  (0.386 0.338 0.289) (0 0 0)
(-5.000e-001 7.620e-001 2.500e+000) (-5.000e-001 7.620e-001 1.500e+000) (6.123e-017 7.620e-001 2.500e+000)  (0.386 0.338 0.289) (0 0 0)
(0.000e+000 8.020e-001 1.500e+000) (-5.000e-001 8.020e-001 1.500e+000) (6.123e-017 8.020e-001 2.500e+000)  (0.386 0.338 0.289) (0 0 0)
(-5.000e-001 8.020e-001 2.500e+000) (6.123e-017 8.020e-001 2.500e+000) (-5.000e-001 8.020e-001 1.500e+000)  (0.386 0.338 0.289) (0 0 0)
(-1.000e-002 2.000e-003 1.510e+000) (-1.000e-002 7.620e-001 1.510e+000) (-1.000e-002 2.000e-003 1.550e+000)  (0.386 0.338 0.289) (0 0 0)
(-1.000e-002 7.620e-001 1.550e+000) (-1.000e-002 2.000e-003 1.550e+000) (-1.000e-002 7.620e-001 1.510e+000)  (0.386 0.338 0.289) (0 0 0)
(-5.000e-002 2.000e-003 1.550e+000) (-5.000e-002 7.620e-001 1.550e+000) (-5.000e-002 2.000e-003 1.510e+000)  (0.386 0.338 0.289) (0 0 0)
(-5.000e-002 7.620e-001 1.510e+000) (-5.000e-002 2.000e-003 1.510e+000) (-5.000e-002 7.620e-001 1.550e+000)  (0.386 0.338 0.289) (0 0 0)
(-5.000e-002 2.000e-003 1.510e+000) (-5.000e-002 7.620e-001 1.510e+000) (-1.000e-002 2.000e-003 1.510e+000)  (0.386 0.338 0.289) (0 0 0)
(-1.000e-002 7.620e-001 1.510e+000) (-1.000e-002 2.000e-003 1.510e+000) (-5.000e-002 7.620e-001 1.510e+000)  (0.386 0.338 0.289) (0 0 0)
(-1.000e-002 2.000e-003 1.550e+000) (-1.000e-002 7.620e-001 1.550e+000) (-5.000e-002 2.000e-003 1.550e+000)  (0.386 0.338 0.289) (0 0 0)
(-5.000e-002 7.620e-001 1.550e+000) (-5.000e-002 2.000e-003 1.550e+000) (-1.000e-002 7.620e-001 1.550e+000)  (0.386 0.338 0.289) (0 0 0)
(-1.000e-002 2.000e-003 1.510e+000) (-1.000e-002 2.000e-003 1.550e+000) (-5.000e-002 2.000e-003 1.510e+000)  (0.386 0.338 0.289) (0 0 0)
(-5.000e-002 2.000e-003 1.550e+000) (-5.000e-002 2.000e-003 1.510e+000) (-1.000e-002 2.000e-003 1.550e+000)  (0.386 0.338 0.289) (0 0 0)
(-1.000e-002 7.620e-001 1.510e+000) (-5.000e-002 7.620e-001 1.510e+000) (-1.000e-002 7.620e-001 1.550e+000)  (0.386 0.338 0.289) (0 0 0)
(-5.000e-002 7.620e-001 1.550e+000) (-1.000e-002 7.620e-001 1.550e+000) (-5.000e-002 7.620e-001 1.510e+000)  (0.386 0.338 0.289) (0 0 0)
(-1.000e-002 2.000e-003 2.450e+000) (-1.000e-002 7.620e-001 2.450e+000) (-1.000e-002 2.000e-003 2.490e+000)  (0.386 0.338 0.289) (0 0 0)
(-1.000e-002 7.620e-001 2.490e+000) (-1.000e-002 2.000e-003 2.490e+000) (-1.000e-002 7.620e-001 2.450e+000)  (0.386 0.338 0.289) (0 0 0)
(-5.000e-002 2.000e-003 2.490e+000) (-5.000e-002 7.620e-001 2.490e+000) (-5.000e-002 2.000e-003 2.450e+000)  (0.386 0.338 0.289) (0 0 0)
(-5.000e-002 7.620e-001 2.450e+000) (-5.000e-002 2.000e-003 2.450e+000) (-5.000e-002 7.620e-001 2.490e+000)  (0.386 0.338 0.289) (0 0 0)
(-5.000e-002 2.000e-003 2.450e+000) (-5.000e-002 7.620e-001 2.450e+000) (-1.000e-002 2.000e-003 2.450e+000)  (0.386 0.338 0.289) (0 0 0)
(-1.000e-002 7.620e-001 2.450e+000) (-1.000e-002 2.000e-003 2.450e+000) (-5.000e-002 7.620e-001 2.450e+000)  (0.386 0.338 0.289) (0 0 0)
(-1.000e-002 2.000e-003 2.490e+000) (-1.000e-002 7.620e-001 2.490e+000) (-5.000e-002 2.000e-003 2.490e+000)  (0.386 0.338 0.289) (0 0 0)
(-5.000e-002 7.620e-001 2.490e+000) (-5.000e-002 2.000e-003 2.490e+000) (-1.000e-002 7.620e-001 2.490e+000)  (0.386 0.338 0.289) (0 0 0)
(-1.000e-002 2.000e-003 2.450e+000) (-1.000e-002 2.000e-003 2.490e+000) (-5.000e-002 2.000e-003 2.450e+000)  (0.386 0.338 0.289) (0 0 0)
(-5.000e-002 2.000e-003 2.490e+000) (-5.000e-002 2.000e-003 2.450e+000) (-1.000e-002 2.000e-003 2.490e+000)  (0.386 0.338 0.289) (0 0 0)
(-1.000e-002 7.620e-001 2.450e+000) (-5.000e-002 7.620e-001 2.450e+000) (-1.000e-002 7.620e-001 2.490e+000)  (0.386 0.338 0.289) (0 0 0)
(-5.000e-002 7.620e-001 2.490e+000) (-1.000e-002 7.620e-001 2.490e+000) (-5.000e-002 7.620e-001 2.450e+000)  (0.386 0.338 0.289) (0 0 0)
(-4.500e-001 2.000e-003 1.510e+000) (-4.500e-001 7.620e-001 1.510e+000) (-4.500e-001 2.000e-003 1.550e+000)  (0.386 0.338 0.289) (0 0 0)
(-4.500e-001 7.620e-001 1.550e+000) (-4.500e-001 2.000e-003 1.550e+000) (-4.500e-001 7.620e-001 1.510e+000)  (0.386 0.338 0.289) (0 0 0)
(-4.900e-001 2.000e-003 1.550e+000) (-4.900e-001 7.620e-001 1.550e+000) (-4.900e-001 2.000e-003 1.510e+000)  (0.386 0.338 0.289) (0 0 0)
(-4.900e-001 7.620e-001 1.510e+000) (-4.900e-001 2.000e-003 1.510e+000) (-4.900e-001 7.620e-001 1.550e+000)  (0.386 0.338 0.289) (0 0 0)
(-4.900e-001 2.000e-003 1.510e+000) (-4.900e-001 7.620e-001 1.510e+000) (-4.500e-001 2.000e-003 1.510e+000)  (0.386 0.338 0.289) (0 0 0)
(-4.500e-001 7.620e-001 1.510e+000) (-4.500e-001 2.000e-003 1.510e+000) (-4.900e-001 7.620e-001 1.510e+000)  (0.386 0.338 0.289) (0 0 0)
(-4.500e-001 2.000e-003 1.550e+000) (-4.500e-001 7.620e-001 1.550e+000) (-4.900e-001 2.000e-003 1.550e+000)  (0.386 0.338 0.289) (0 0 0)
(-4.900e-001 7.620e-001 1.550e+000) (-4.900e-001 2.000e-003 1.550e+000) (-4.500e-001 7.620e-001 1.550e+000)  (0.386 0.338 0.289) (0 0 0)
(-4.500e-001 2.000e-003 1.510e+000) (-4.500e-001 2.000e-003 1.550e+000) (-4.900e-001 2.000e-003 1.510e+000)  (0.386 0.338 0.289) (0 0 0)
(-4.900e-001 2.000e-003 1.550e+000) (-4.900e-001 2.000e-003 1.510e+000) (-4.500e-001 2.000e-003 1.550e+000)  (0.386 0.338 0.289) (0 0 0)
(-4.500e-001 7.620e-001 1.510e+000) (-4.900e-001 7.620e-001 1.510e+000) (-4.500e-001 7.620e-001 1.550e+000)  (0.386 0.338 0.289) (0 0 0)
(-4.900e-001 7.620e-001 1.550e+000) (-4.500e-001 7.620e-001 1.550e+000) (-4.900e-001 7.620e-001 1.510e+000)  (0.386 0.338 0.289) (0 0 0)
(-4.500e-001 2.000e-003 2.450e+000) (-4.500e-001 7.620e-001 2.450e+000) (-4.500e-001 2.000e-003 2.490e+000)  (0.386 0.338 0.289) (0 0 0)
(-4.500e-001 7.620e-001 2.490e+000) (-4.500e-001 2.000e-003 2.490e+000) (-4.500e-001 7.620e-001 2.450e+000)  (0.386 0.338 0.289) (0 0 0)
(-4.900e-001 2.000e-003 2.490e+000) (-4.900e-001 7.620e-001 2.490e+000) (-4.900e-001 2.000e-003 2.450e+000)  (0.386 0.338 0.289) (0 0 0)
(-4.900e-001 7.620e-001 2.450e+000) (-4.900e-001 2.000e-003 2.450e+000) (-4.900e-001 7.620e-001 2.490e+000)  (0.386 0.338 0.289) (0 0 0)
(-4.900e-001 2.000e-003 2.450e+000) (-4.900e-001 7.620e-001 2.450e+000) (-4.500e-001 2.000e-003 2.450e+000)  (0.386 0.338 0.289) (0 0 0)
(-4.500e-001 7.620e-001 2.450e+000) (-4.500e-001 2.000e-003 2.450e+000) (-4.900e-001 7.620e-001 2.450e+000)  (0.386 0.338 0.289) (0 0 0)
(-4.500e-001 2.000e-003 2.490e+000) (-4.500e-001 7.620e-001 2.490e+000) (-4.900e-001 2.000e-003 2.490e+000)  (0.386 0.338 0.289) (0 0 0)
(-4.900e-001 7.620e-001 2.490e+000) (-4.900e-001 2.000e-003 2.490e+000) (-4.500e-001 7.620e-001 2.490e+000)  (0.386 0.338 0.289) (0 0 0)
(-4.500e-001 2.000e-003 2.450e+000) (-4.500e-001 2.000e-003 2.490e+000) (-4.900e-001 2.000e-003 2.450e+000)  (0.386 0.338 0.289) (0 0 0)
(-4.900e-001 2.000e-003 2.490e+000) (-4.900e-001 2.000e-003 2.450e+000) (-4.500e-001 2.000e-003 2.490e+000)  (0.386 0.338 0.289) (0 0 0)
(-4.500e-001 7.620e-001 2.450e+000) (-4.900e-001 7.620e-001 2.450e+000) (-4.500e-001 7.620e-001 2.490e+000)  (0.386 0.338 0.289) (0 0 0)
(-4.900e-001 7.620e-001 2.490e+000) (-4.500e-001 7.620e-001 2.490e+000) (-4.900e-001 7.620e-001 2.450e+000)  (0.386 0.338 0.289) (0 0 0)
(-4.500e-001 2.000e-003 1.000e+000) (-4.500e-001 3.020e-001 1.000e+000) (-1.500e-001 2.000e-003 1.000e+000)  (0.541 0.505 0.394) (0 0 0)
(-1.500e-001 3.020e-001 1.000e+000) (-1.500e-001 2.000e-003 1.000e+000) (-4.500e-001 3.020e-001 1.000e+000)  (0.541 0.505 0.394) (0 0 0)
(-1.500e-001 2.000e-003 1.300e+000) (-1.500e-001 3.020e-001 1.300e+000) (-4.500e-001 2.000e-003 1.300e+000)  (0.541 0.505 0.394) (0 0 0)
(-4.500e-001 3.020e-001 1.300e+000) (-4.500e-001 2.000e-003 1.300e+000) (-1.500e-001 3.020e-001 1.300e+000)  (0.541 0.505 0.394) (0 0 0)
(-4.500e-001 2.000e-003 1.300e+000) (-4.500e-001 3.020e-001 1.300e+000) (-4.500e-001 2.000e-003 1.000e+000)  (0.541 0.505 0.394) (0 0 0)
(-4.500e-001 3.020e-001 1.000e+000) (-4.500e-001 2.000e-003 1.000e+000) (-4.500e-001 3.020e-001 1.300e+000)  (0.541 0.505 0.394) (0 0 0)
(-1.500e-001 2.000e-003 1.000e+000) (-1.500e-001 3.020e-001 1.000e+000) (-1.500e-001 2.000e-003 1.300e+000)  (0.541 0.505 0.394) (0 0 0)
(-1.500e-001 3.020e-001 1.300e+000) (-1.500e-001 2.000e-003 1.300e+000) (-1.500e-001 3.020e-001 1.000e+000)  (0.541 0.505 0.394) (0 0 0)
(-4.500e-001 3.020e-001 1.000e+000) (-4.500e-001 3.020e-001 1.300e+000) (-1.500e-001 3.020e-001 1.000e+000)  (0.541 0.505 0.394) (0 0 0)
(-1.500e-001 3.020e-001 1.300e+000) (-1.500e-001 3.020e-001 1.000e+000) (-4.500e-001 3.020e-001 1.300e+000)  (0.541 0.505 0.394) (0 0 0)
(-4.500e-001 2.000e-003 2.700e+000) (-4.500e-001 3.020e-001 2.700e+000) (-1.500e-001 2.000e-003 2.700e+000)  (0.541 0.505 0.394) (0 0 0)
(-1.500e-001 3.020e-001 2.700e+000) (-1.500e-001 2.000e-003 2.700e+000) (-4.500e-001 3.020e-001 2.700e+000)  (0.541 0.505 0.394) (0 0 0)
(-1.500e-001 2.000e-003 3.000e+000) (-1.500e-001 3.020e-001 3.000e+000) (-4.500e-001 2.000e-003 3.000e+000)  (0.541 0.505 0.394) (0 0 0)
(-4.500e-001 3.020e-001 3.000e+000) (-4.500e-001 2.000e-003 3.000e+000) (-1.500e-001 3.020e-001 3.000e+000)  (0.541 0.505 0.394) (0 0 0)
(-4.500e-001 2.000e-003 3.000e+000) (-4.500e-001 3.020e-001 3.000e+000) (-4.500e-001 2.000e-003 2.700e+000)  (0.541 0.505 0.394) (0 0 0)
(-4.500e-001 3.020e-001 2.700e+000) (-4.500e-001 2.000e-003 2.700e+000) (-4.500e-001 3.020e-001 3.000e+000)  (0.541 0.505 0.394) (0 0 0)
(-1.500e-001 2.000e-003 2.700e+000) (-1.500e-001 3.020e-001 2.700e+000) (-1.500e-001 2.000e-003 3.000e+000)  (0.541 0.505 0.394) (0 0 0)
(-1.500e-001 3.020e-001 3.000e+000) (-1.500e-001 2.000e-003 3.000e+000) (-1.500e-001 3.020e-001 2.700e+000)  (0.541 0.505 0.394) (0 0 0)
(-4.500e-001 3.020e-001 2.700e+000) (-4.500e-001 3.020e-001 3.000e+000) (-1.500e-001 3.020e-001 2.700e+000)  (0.541 0.505 0.394) (0 0 0)
(-1.500e-001 3.020e-001 3.000e+000) (-1.500e-001 3.020e-001 2.700e+000) (-4.500e-001 3.020e-001 3.000e+000)  (0.541 0.505 0.394) (0 0 0)
(2.100e+000 2.000e-001 4.900e-001) (2.100e+000 9.300e-001 4.900e-001) (9.000e-001 2.000e-001 4.900e-001)  (0.386 0.338 0.289) (0 0 0)
(9.000e-001 9.300e-001 4.900e-001) (9.000e-001 2.000e-001 4.900e-001) (2.100e+000 9.300e-001 4.900e-001)  (0.386 0.338 0.289) (0 0 0)
(9.000e-001 2.000e-001 4.000e-002) (9.000e-001 9.300e-001 4.000e-002) (2.100e+000 2.000e-001 4.000e-002)  (0.386 0.338 0.289) (0 0 0)
(2.100e+000 9.300e-001 4.000e-002) (2.100e+000 2.000e-001 4.000e-002) (9.000e-001 9.300e-001 4.000e-002)  (0.386 0.338 0.289) (0 0 0)
(2.100e+000 2.000e-001 4.000e-002) (2.100e+000 9.300e-001 4.000e-002) (2.100e+000 2.000e-001 4.900e-001)  (0.386 0.338 0.289) (0 0 0)
(2.100e+000 9.300e-001 4.900e-001) (2.100e+000 2.000e-001 4.900e-001) (2.100e+000 9.300e-001 4.000e-002)  (0.386 0.338 0.289) (0 0 0)
(9.000e-001 2.000e-001 4.900e-001) (9.000e-001 9.300e-001 4.900e-001) (9.000e-001 2.000e-001 4.000e-002)  (0.386 0.338 0.289) (0 0 0)
(9.000e-001 9.300e-001 4.000e-002) (9.000e-001 2.000e-001 4.000e-002) (9.000e-001 9.300e-001 4.900e-001)  (0.386 0.338 0.289) (0 0 0)
(2.100e+000 2.000e-001 4.900e-001) (9.000e-001 2.000e-001 4.900e-001) (2.100e+000 2.000e-001 4.000e-002)  (0.386 0.338 0.289) (0 0 0)
(9.000e-001 2.000e-001 4.000e-002) (2.100e+000 2.000e-001 4.000e-002) (9.000e-001 2.000e-001 4.900e-001)  (0.386 0.338 0.289) (0 0 0)
(2.100e+000 9.300e-001 4.900e-001) (2.100e+000 9.300e-001 4.000e-002) (9.000e-001 9.300e-001 4.900e-001)  (0.386 0.338 0.289) (0 0 0)
(9.000e-001 9.300e-001 4.000e-002) (9.000e-001 9.300e-001 4.900e-001) (2.100e+000 9.300e-001 4.000e-002)  (0.386 0.338 0.289) (0 0 0)
(1.280e+000 2.000e-003 2.120e+000) (1.280e+000 7.000e-003 2.120e+000) (2.720e+000 2.000e-003 2.120e+000)  (0.52 0.35 0.25) (0 0 0)
(2.720e+000 7.000e-003 2.120e+000) (2.720e+000 2.000e-003 2.120e+000) (1.280e+000 7.000e-003 2.120e+000)  (0.52 0.35 0.25) (0 0 0)
(2.720e+000 2.000e-003 3.120e+000) (2.720e+000 7.000e-003 3.120e+000) (1.280e+000 2.000e-003 3.120e+000)  (0.52 0.35 0.25) (0 0 0)
(1.280e+000 7.000e-003 3.120e+000) (1.280e+000 2.000e-003 3.120e+000) (2.720e+000 7.000e-003 3.120e+000)  (0.52 0.35 0.25) (0 0 0)
(1.280e+000 2.000e-003 3.120e+000) (1.280e+000 7.000e-003 3.120e+000) (1.280e+000 2.000e-003 2.120e+000)  (0.52 0.35 0.25) (0 0 0)
(1.280e+000 7.000e-003 2.120e+000) (1.280e+000 2.000e-003 2.120e+000) (1.280e+000 7.000e-003 3.120e+000)  (0.52 0.35 0.25) (0 0 0)
(2.720e+000 2.000e-003 2.120e+000) (2.720e+000 7.000e-003 2.120e+000) (2.720e+000 2.000e-003 3.120e+000)  (0.52 0.35 0.25) (0 0 0)
(2.720e+000 7.000e-003 3.120e+000) (2.720e+000 2.000e-003 3.120e+000) (2.720e+000 7.000e-003 2.120e+000)  (0.52 0.35 0.25) (0 0 0)
(1.280e+000 7.000e-003 2.120e+000) (1.280e+000 7.000e-003 3.120e+000) (2.720e+000 7.000e-003 2.120e+000)  (0.52 0.35 0.25) (0 0 0)
(2.720e+000 7.000e-003 3.120e+000) (2.720e+000 7.000e-003 2.120e+000) (1.280e+000 7.000e-003 3.120e+000)  (0.52 0.35 0.25) (0 0 0)
(2.465e+000 5.200e-002 1.953e+000) (2.465e+000 3.020e-001 1.953e+000) (1.990e+000 5.200e-002 1.953e+000)  (0.245 0.293 0.261) (0 0 0)
(1.990e+000 3.020e-001 1.953e+000) (1.990e+000 5.200e-002 1.953e+000) (2.465e+000 3.020e-001 1.953e+000)  (0.245 0.293 0.261) (0 0 0)
(1.990e+000 5.200e-002 1.463e+000) (1.990e+000 3.020e-001 1.463e+000) (2.465e+000 5.200e-002 1.463e+000)  (0.245 0.293 0.261) (0 0 0)
(2.465e+000 3.020e-001 1.463e+000) (2.465e+000 5.200e-002 1.463e+000) (1.990e+000 3.020e-001 1.463e+000)  (0.245 0.293 0.261) (0 0 0)
(2.465e+000 5.200e-002 1.463e+000) (2.465e+000 3.020e-001 1.463e+000) (2.465e+000 5.200e-002 1.953e+000)  (0.245 0.293 0.261) (0 0 0)
(2.465e+000 3.020e-001 1.953e+000) (2.465e+000 5.200e-002 1.953e+000) (2.465e+000 3.020e-001 1.463e+000)  (0.245 0.293 0.261) (0 0 0)
(1.990e+000 5.200e-002 1.953e+000) (1.990e+000 3.020e-001 1.953e+000) (1.990e+000 5.200e-002 1.463e+000)  (0.245 0.293 0.261) (0 0 0)
(1.990e+000 3.020e-001 1.463e+000) (1.990e+000 5.200e-002 1.463e+000) (1.990e+000 3.020e-001 1.953e+000)  (0.245 0.293 0.261) (0 0 0)
(2.465e+000 5.200e-002 1.953e+000) (1.990e+000 5.200e-002 1.953e+000) (2.465e+000 5.200e-002 1.463e+000)  (0.245 0.293 0.261) (0 0 0)
(1.990e+000 5.200e-002 1.463e+000) (2.465e+000 5.200e-002 1.463e+000) (1.990e+000 5.200e-002 1.953e+000)  (0.245 0.293 0.261) (0 0 0)
(2.465e+000 3.020e-001 1.953e+000) (2.465e+000 3.020e-001 1.463e+000) (1.990e+000 3.020e-001 1.953e+000)  (0.245 0.293 0.261) (0 0 0)
(1.990e+000 3.020e-001 1.463e+000) (1.990e+000 3.020e-001 1.953e+000) (2.465e+000 3.020e-001 1.463e+000)  (0.245 0.293 0.261) (0 0 0)
(1.990e+000 5.200e-002 1.953e+000) (1.990e+000 3.020e-001 1.953e+000) (1.515e+000 5.200e-002 1.953e+000)  (0.245 0.293 0.261) (0 0 0)
(1.515e+000 3.020e-001 1.953e+000) (1.515e+000 5.200e-002 1.953e+000) (1.990e+000 3.020e-001 1.953e+000)  (0.245 0.293 0.261) (0 0 0)
(1.515e+000 5.200e-002 1.463e+000) (1.515e+000 3.020e-001 1.463e+000) (1.990e+000 5.200e-002 1.463e+000)  (0.245 0.293 0.261) (0 0 0)
(1.990e+000 3.020e-001 1.463e+000) (1.990e+000 5.200e-002 1.463e+000) (1.515e+000 3.020e-001 1.463e+000)  (0.245 0.293 0.261) (0 0 0)
(1.990e+000 5.200e-002 1.463e+000) (1.990e+000 3.020e-001 1.463e+000) (1.990e+000 5.200e-002 1.953e+000)  (0.245 0.293 0.261) (0 0 0)
(1.990e+000 3.020e-001 1.953e+000) (1.990e+000 5.200e-002 1.953e+000) (1.990e+000 3.020e-001 1.463e+000)  (0.245 0.293 0.261) (0 0 0)
(1.515e+000 5.200e-002 1.953e+000) (1.515e+000 3.020e-001 1.953e+000) (1.515e+000 5.200e-002 1.463e+000)  (0.245 0.293 0.261) (0 0 0)
(1.515e+000 3.020e-001 1.463e+000) (1.515e+000 5.200e-002 1.463e+000) (1.515e+000 3.020e-001 1.953e+000)  (0.245 0.293 0.261) (0 0 0)
(1.990e+000 5.200e-002 1.953e+000) (1.515e+000 5.200e-002 1.953e+000) (1.990e+000 5.200e-002 1.463e+000)  (0.245 0.293 0.261) (0 0 0)
(1.515e+000 5.200e-002 1.463e+000) (1.990e+000 5.200e-002 1.463e+000) (1.515e+000 5.200e-002 1.953e+000)  (0.245 0.293 0.261) (0 0 0)
(1.990e+000 3.020e-001 1.953e+000) (1.990e+000 3.020e-001 1.463e+000) (1.515e+000 3.020e-001 1.953e+000)  (0.245 0.293 0.261) (0 0 0)
(1.515e+000 3.020e-001 1.463e+000) (1.515e+000 3.020e-001 1.953e+000) (1.990e+000 3.020e-001 1.463e+000)  (0.245 0.293 0.261) (0 0 0)
(2.465e+000 5.200e-002 1.313e+000) (2.465e+000 7.805e-002 1.461e+000) (1.990e+000 5.200e-002 1.313e+000)  (0.245 0.293 0.261) (0 0 0)
(1.990e+000 7.805e-002 1.461e+000) (1.990e+000 5.200e-002 1.313e+000) (2.465e+000 7.805e-002 1.461e+000)  (0.245 0.293 0.261) (0 0 0)
(1.990e+000 9.383e-001 1.157e+000) (1.990e+000 9.644e-001 1.304e+000) (2.465e+000 9.383e-001 1.157e+000)  (0.245 0.293 0.261) (0 0 0)
(2.465e+000 9.644e-001 1.304e+000) (2.465e+000 9.383e-001 1.157e+000) (1.990e+000 9.644e-001 1.304e+000)  (0.245 0.293 0.261) (0 0 0)
(2.465e+000 9.383e-001 1.157e+000) (2.465e+000 9.644e-001 1.304e+000) (2.465e+000 5.200e-002 1.313e+000)  (0.245 0.293 0.261) (0 0 0)
(2.465e+000 7.805e-002 1.461e+000) (2.465e+000 5.200e-002 1.313e+000) (2.465e+000 9.644e-001 1.304e+000)  (0.245 0.293 0.261) (0 0 0)
(1.990e+000 5.200e-002 1.313e+000) (1.990e+000 7.805e-002 1.461e+000) (1.990e+000 9.383e-001 1.157e+000)  (0.245 0.293 0.261) (0 0 0)
(1.990e+000 9.644e-001 1.304e+000) (1.990e+000 9.383e-001 1.157e+000) (1.990e+000 7.805e-002 1.461e+000)  (0.245 0.293 0.261) (0 0 0)
(2.465e+000 5.200e-002 1.313e+000) (1.990e+000 5.200e-002 1.313e+000) (2.465e+000 9.383e-001 1.157e+000)  (0.245 0.293 0.261) (0 0 0)
(1.990e+000 9.383e-001 1.157e+000) (2.465e+000 9.383e-001 1.157e+000) (1.990e+000 5.200e-002 1.313e+000)  (0.245 0.293 0.261) (0 0 0)
(2.465e+000 7.805e-002 1.461e+000) (2.465e+000 9.644e-001 1.304e+000) (1.990e+000 7.805e-002 1.461e+000)  (0.245 0.293 0.261) (0 0 0)
(1.990e+000 9.644e-001 1.304e+000) (1.990e+000 7.805e-002 1.461e+000) (2.465e+000 9.644e-001 1.304e+000)  (0.245 0.293 0.261) (0 0 0)
(1.990e+000 5.200e-002 1.313e+000) (1.990e+000 7.805e-002 1.461e+000) (1.515e+000 5.200e-002 1.313e+000)  (0.245 0.293 0.261) (0 0 0)
(1.515e+000 7.805e-002 1.461e+000) (1.515e+000 5.200e-002 1.313e+000) (1.990e+000 7.805e-002 1.461e+000)  (0.245 0.293 0.261) (0 0 0)
(1.515e+000 9.383e-001 1.157e+000) (1.515e+000 9.644e-001 1.304e+000) (1.990e+000 9.383e-001 1.157e+000)  (0.245 0.293 0.261) (0 0 0)
(1.990e+000 9.644e-001 1.304e+000) (1.990e+000 9.383e-001 1.157e+000) (1.515e+000 9.644e-001 1.304e+000)  (0.245 0.293 0.261) (0 0 0)
(1.990e+000 9.383e-001 1.157e+000) (1.990e+000 9.644e-001 1.304e+000) (1.990e+000 5.200e-002 1.313e+000)  (0.245 0.293 0.261) (0 0 0)
(1.990e+000 7.805e-002 1.461e+000) (1.990e+000 5.200e-002 1.313e+000) (1.990e+000 9.644e-001 1.304e+000)  (0.245 0.293 0.261) (0 0 0)
(1.515e+000 5.200e-002 1.313e+000) (1.515e+000 7.805e-002 1.461e+000) (1.515e+000 9.383e-001 1.157e+000)  (0.245 0.293 0.261) (0 0 0)
(1.515e+000 9.644e-001 1.304e+000) (1.515e+000 9.383e-001 1.157e+000) (1.515e+000 7.805e-002 1.461e+000)  (0.245 0.293 0.261) (0 0 0)
(1.990e+000 5.200e-002 1.313e+000) (1.515e+000 5.200e-002 1.313e+000) (1.990e+000 9.383e-001 1.157e+000)  (0.245 0.293 0.261) (0 0 0)
(1.515e+000 9.383e-001 1.157e+000) (1.990e+000 9.383e-001 1.157e+000) (1.515e+000 5.200e-002 1.313e+000)  (0.245 0.293 0.261) (0 0 0)
(1.990e+000 7.805e-002 1.461e+000) (1.990e+000 9.644e-001 1.304e+000) (1.515e+000 7.805e-002 1.461e+000)  (0.245 0.293 0.261) (0 0 0)
(1.515e+000 9.644e-001 1.304e+000) (1.515e+000 7.805e-002 1.461e+000) (1.990e+000 9.644e-001 1.304e+000)  (0.245 0.293 0.261) (0 0 0)
(2.465e+000 5.200e-002 1.913e+000) (2.615e+000 5.200e-002 1.913e+000) (2.465e+000 6.020e-001 1.913e+000)  (0.245 0.293 0.261) (0 0 0)
(2.615e+000 6.020e-001 1.913e+000) (2.465e+000 6.020e-001 1.913e+000) (2.615e+000 5.200e-002 1.913e+000)  (0.245 0.293 0.261) (0 0 0)
(2.465e+000 6.020e-001 1.313e+000) (2.615e+000 6.020e-001 1.313e+000) (2.465e+000 5.200e-002 1.313e+000)  (0.245 0.293 0.261) (0 0 0)
(2.615e+000 5.200e-002 1.313e+000) (2.465e+000 5.200e-002 1.313e+000) (2.615e+000 6.020e-001 1.313e+000)  (0.245 0.293 0.261) (0 0 0)
(2.465e+000 5.200e-002 1.313e+000) (2.615e+000 5.200e-002 1.313e+000) (2.465e+000 5.200e-002 1.913e+000)  (0.245 0.293 0.261) (0 0 0)
(2.615e+000 5.200e-002 1.913e+000) (2.465e+000 5.200e-002 1.913e+000) (2.615e+000 5.200e-002 1.313e+000)  (0.245 0.293 0.261) (0 0 0)
(2.465e+000 6.020e-001 1.913e+000) (2.615e+000 6.020e-001 1.913e+000) (2.465e+000 6.020e-001 1.313e+000)  (0.245 0.293 0.261) (0 0 0)
(2.615e+000 6.020e-001 1.313e+000) (2.465e+000 6.020e-001 1.313e+000) (2.615e+000 6.020e-001 1.913e+000)  (0.245 0.293 0.261) (0 0 0)
(2.465e+000 5.200e-002 1.913e+000) (2.465e+000 6.020e-001 1.913e+000) (2.465e+000 5.200e-002 1.313e+000)  (0.245 0.293 0.261) (0 0 0)
(2.465e+000 6.020e-001 1.313e+000) (2.465e+000 5.200e-002 1.313e+000) (2.465e+000 6.020e-001 1.913e+000)  (0.245 0.293 0.261) (0 0 0)
(2.615e+000 5.200e-002 1.913e+000) (2.615e+000 5.200e-002 1.313e+000) (2.615e+000 6.020e-001 1.913e+000)  (0.245 0.293 0.261) (0 0 0)
(2.615e+000 6.020e-001 1.313e+000) (2.615e+000 6.020e-001 1.913e+000) (2.615e+000 5.200e-002 1.313e+000)  (0.245 0.293 0.261) (0 0 0)
(1.365e+000 5.200e-002 1.913e+000) (1.515e+000 5.200e-002 1.913e+000) (1.365e+000 6.020e-001 1.913e+000)  (0.245 0.293 0.261) (0 0 0)
(1.515e+000 6.020e-001 1.913e+000) (1.365e+000 6.020e-001 1.913e+000) (1.515e+000 5.200e-002 1.913e+000)  (0.245 0.293 0.261) (0 0 0)
(1.365e+000 6.020e-001 1.313e+000) (1.515e+000 6.020e-001 1.313e+000) (1.365e+000 5.200e-002 1.313e+000)  (0.245 0.293 0.261) (0 0 0)
(1.515e+000 5.200e-002 1.313e+000) (1.365e+000 5.200e-002 1.313e+000) (1.515e+000 6.020e-001 1.313e+000)  (0.245 0.293 0.261) (0 0 0)
(1.365e+000 5.200e-002 1.313e+000) (1.515e+000 5.200e-002 1.313e+000) (1.365e+000 5.200e-002 1.913e+000)  (0.245 0.293 0.261) (0 0 0)
(1.515e+000 5.200e-002 1.913e+000) (1.365e+000 5.200e-002 1.913e+000) (1.515e+000 5.200e-002 1.313e+000)  (0.245 0.293 0.261) (0 0 0)
(1.365e+000 6.020e-001 1.913e+000) (1.515e+000 6.020e-001 1.913e+000) (1.365e+000 6.020e-001 1.313e+000)  (0.245 0.293 0.261) (0 0 0)
(1.515e+000 6.020e-001 1.313e+000) (1.365e+000 6.020e-001 1.313e+000) (1.515e+000 6.020e-001 1.913e+000)  (0.245 0.293 0.261) (0 0 0)
(1.365e+000 5.200e-002 1.913e+000) (1.365e+000 6.020e-001 1.913e+000) (1.365e+000 5.200e-002 1.313e+000)  (0.245 0.293 0.261) (0 0 0)
(1.365e+000 6.020e-001 1.313e+000) (1.365e+000 5.200e-002 1.313e+000) (1.365e+000 6.020e-001 1.913e+000)  (0.245 0.293 0.261) (0 0 0)
(1.515e+000 5.200e-002 1.913e+000) (1.515e+000 5.200e-002 1.313e+000) (1.515e+000 6.020e-001 1.913e+000)  (0.245 0.293 0.261) (0 0 0)
(1.515e+000 6.020e-001 1.313e+000) (1.515e+000 6.020e-001 1.913e+000) (1.515e+000 5.200e-002 1.313e+000)  (0.245 0.293 0.261) (0 0 0)
(2.465e+000 3.200e-002 1.963e+000) (2.465e+000 1.820e-001 1.963e+000) (1.990e+000 3.200e-002 1.963e+000)  (0.245 0.293 0.261) (0 0 0)
(1.990e+000 1.820e-001 1.963e+000) (1.990e+000 3.200e-002 1.963e+000) (2.465e+000 1.820e-001 1.963e+000)  (0.245 0.293 0.261) (0 0 0)
(1.990e+000 3.200e-002 1.363e+000) (1.990e+000 1.820e-001 1.363e+000) (2.465e+000 3.200e-002 1.363e+000)  (0.245 0.293 0.261) (0 0 0)
(2.465e+000 1.820e-001 1.363e+000) (2.465e+000 3.200e-002 1.363e+000) (1.990e+000 1.820e-001 1.363e+000)  (0.245 0.293 0.261) (0 0 0)
(2.465e+000 3.200e-002 1.363e+000) (2.465e+000 1.820e-001 1.363e+000) (2.465e+000 3.200e-002 1.963e+000)  (0.245 0.293 0.261) (0 0 0)
(2.465e+000 1.820e-001 1.963e+000) (2.465e+000 3.200e-002 1.963e+000) (2.465e+000 1.820e-001 1.363e+000)  (0.245 0.293 0.261) (0 0 0)
(1.990e+000 3.200e-002 1.963e+000) (1.990e+000 1.820e-001 1.963e+000) (1.990e+000 3.200e-002 1.363e+000)  (0.245 0.293 0.261) (0 0 0)
(1.990e+000 1.820e-001 1.363e+000) (1.990e+000 3.200e-002 1.363e+000) (1.990e+000 1.820e-001 1.963e+000)  (0.245 0.293 0.261) (0 0 0)
(2.465e+000 3.200e-002 1.963e+000) (1.990e+000 3.200e-002 1.963e+000) (2.465e+000 3.200e-002 1.363e+000)  (0.245 0.293 0.261) (0 0 0)
(1.990e+000 3.200e-002 1.363e+000) (2.465e+000 3.200e-002 1.363e+000) (1.990e+000 3.200e-002 1.963e+000)  (0.245 0.293 0.261) (0 0 0)
(2.465e+000 1.820e-001 1.963e+000) (2.465e+000 1.820e-001 1.363e+000) (1.990e+000 1.820e-001 1.963e+000)  (0.245 0.293 0.261) (0 0 0)
(1.990e+000 1.820e-001 1.363e+000) (1.990e+000 1.820e-001 1.963e+000) (2.465e+000 1.820e-001 1.363e+000)  (0.245 0.293 0.261) (0 0 0)
(1.990e+000 3.200e-002 1.963e+000) (1.990e+000 1.820e-001 1.963e+000) (1.515e+000 3.200e-002 1.963e+000)  (0.245 0.293 0.261) (0 0 0)
(1.515e+000 1.820e-001 1.963e+000) (1.515e+000 3.200e-002 1.963e+000) (1.990e+000 1.820e-001 1.963e+000)  (0.245 0.293 0.261) (0 0 0)
(1.515e+000 3.200e-002 1.363e+000) (1.515e+000 1.820e-001 1.363e+000) (1.990e+000 3.200e-002 1.363e+000)  (0.245 0.293 0.261) (0 0 0)
(1.990e+000 1.820e-001 1.363e+000) (1.990e+000 3.200e-002 1.363e+000) (1.515e+000 1.820e-001 1.363e+000)  (0.245 0.293 0.261) (0 0 0)
(1.990e+000 3.200e-002 1.363e+000) (1.990e+000 1.820e-001 1.363e+000) (1.990e+000 3.200e-002 1.963e+000)  (0.245 0.293 0.261) (0 0 0)
(1.990e+000 1.820e-001 1.963e+000) (1.990e+000 3.200e-002 1.963e+000) (1.990e+000 1.820e-001 1.363e+000)  (0.245 0.293 0.261) (0 0 0)
(1.515e+000 3.200e-002 1.963e+000) (1.515e+000 1.820e-001 1.963e+000) (1.515e+000 3.200e-002 1.363e+000)  (0.245 0.293 0.261) (0 0 0)
(1.515e+000 1.820e-001 1.363e+000) (1.515e+000 3.200e-002 1.363e+000) (1.515e+000 1.820e-001 1.963e+000)  (0.245 0.293 0.261) (0 0 0)
(1.990e+000 3.200e-002 1.963e+000) (1.515e+000 3.200e-002 1.963e+000) (1.990e+000 3.200e-002 1.363e+000)  (0.245 0.293 0.261) (0 0 0)
(1.515e+000 3.200e-002 1.363e+000) (1.990e+000 3.200e-002 1.363e+000) (1.515e+000 3.200e-002 1.963e+000)  (0.245 0.293 0.261) (0 0 0)
(1.990e+000 1.820e-001 1.963e+000) (1.990e+000 1.820e-001 1.363e+000) (1.515e+000 1.820e-001 1.963e+000)  (0.245 0.293 0.261) (0 0 0)
(1.515e+000 1.820e-001 1.363e+000) (1.515e+000 1.820e-001 1.963e+000) (1.990e+000 1.820e-001 1.363e+000)  (0.245 0.293 0.261) (0 0 0)
(1.120e+000 5.200e-002 2.495e+000) (1.120e+000 3.020e-001 2.495e+000) (1.120e+000 5.200e-002 2.970e+000)  (0.245 0.293 0.261) (0 0 0)
(1.120e+000 3.020e-001 2.970e+000) (1.120e+000 5.200e-002 2.970e+000) (1.120e+000 3.020e-001 2.495e+000)  (0.245 0.293 0.261) (0 0 0)
(6.300e-001 5.200e-002 2.970e+000) (6.300e-001 3.020e-001 2.970e+000) (6.300e-001 5.200e-002 2.495e+000)  (0.245 0.293 0.261) (0 0 0)
(6.300e-001 3.020e-001 2.495e+000) (6.300e-001 5.200e-002 2.495e+000) (6.300e-001 3.020e-001 2.970e+000)  (0.245 0.293 0.261) (0 0 0)
(6.300e-001 5.200e-002 2.495e+000) (6.300e-001 3.020e-001 2.495e+000) (1.120e+000 5.200e-002 2.495e+000)  (0.245 0.293 0.261) (0 0 0)
(1.120e+000 3.020e-001 2.495e+000) (1.120e+000 5.200e-002 2.495e+000) (6.300e-001 3.020e-001 2.495e+000)  (0.245 0.293 0.261) (0 0 0)
(1.120e+000 5.200e-002 2.970e+000) (1.120e+000 3.020e-001 2.970e+000) (6.300e-001 5.200e-002 2.970e+000)  (0.245 0.293 0.261) (0 0 0)
(6.300e-001 3.020e-001 2.970e+000) (6.300e-001 5.200e-002 2.970e+000) (1.120e+000 3.020e-001 2.970e+000)  (0.245 0.293 0.261) (0 0 0)
(1.120e+000 5.200e-002 2.495e+000) (1.120e+000 5.200e-002 2.970e+000) (6.300e-001 5.200e-002 2.495e+000)  (0.245 0.293 0.261) (0 0 0)
(6.300e-001 5.200e-002 2.970e+000) (6.300e-001 5.200e-002 2.495e+000) (1.120e+000 5.200e-002 2.970e+000)  (0.245 0.293 0.261) (0 0 0)
(1.120e+000 3.020e-001 2.495e+000) (6.300e-001 3.020e-001 2.495e+000) (1.120e+000 3.020e-001 2.970e+000)  (0.245 0.293 0.261) (0 0 0)
(6.300e-001 3.020e-001 2.970e+000) (1.120e+000 3.020e-001 2.970e+000) (6.300e-001 3.020e-001 2.495e+000)  (0.245 0.293 0.261) (0 0 0)
(4.800e-001 5.200e-002 2.495e+000) (6.277e-001 7.805e-002 2.495e+000) (4.800e-001 5.200e-002 2.970e+000)  (0.245 0.293 0.261) (0 0 0)
(6.277e-001 7.805e-002 2.970e+000) (4.800e-001 5.200e-002 2.970e+000) (6.277e-001 7.805e-002 2.495e+000)  (0.245 0.293 0.261) (0 0 0)
(3.237e-001 9.383e-001 2.970e+000) (4.714e-001 9.644e-001 2.970e+000) (3.237e-001 9.383e-001 2.495e+000)  (0.245 0.293 0.261) (0 0 0)
(4.714e-001 9.644e-001 2.495e+000) (3.237e-001 9.383e-001 2.495e+000) (4.714e-001 9.644e-001 2.970e+000)  (0.245 0.293 0.261) (0 0 0)
(3.237e-001 9.383e-001 2.495e+000) (4.714e-001 9.644e-001 2.495e+000) (4.800e-001 5.200e-002 2.495e+000)  (0.245 0.293 0.261) (0 0 0)
(6.277e-001 7.805e-002 2.495e+000) (4.800e-001 5.200e-002 2.495e+000) (4.714e-001 9.644e-001 2.495e+000)  (0.245 0.293 0.261) (0 0 0)
(4.800e-001 5.200e-002 2.970e+000) (6.277e-001 7.805e-002 2.970e+000) (3.237e-001 9.383e-001 2.970e+000)  (0.245 0.293 0.261) (0 0 0)
(4.714e-001 9.644e-001 2.970e+000) (3.237e-001 9.383e-001 2.970e+000) (6.277e-001 7.805e-002 2.970e+000)  (0.245 0.293 0.261) (0 0 0)
(4.800e-001 5.200e-002 2.495e+000) (4.800e-001 5.200e-002 2.970e+000) (3.237e-001 9.383e-001 2.495e+000)  (0.245 0.293 0.261) (0 0 0)
(3.237e-001 9.383e-001 2.970e+000) (3.237e-001 9.383e-001 2.495e+000) (4.800e-001 5.200e-002 2.970e+000)  (0.245 0.293 0.261) (0 0 0)
(6.277e-001 7.805e-002 2.495e+000) (4.714e-001 9.644e-001 2.495e+000) (6.277e-001 7.805e-002 2.970e+000)  (0.245 0.293 0.261) (0 0 0)
(4.714e-001 9.644e-001 2.970e+000) (6.277e-001 7.805e-002 2.970e+000) (4.714e-001 9.644e-001 2.495e+000)  (0.245 0.293 0.261) (0 0 0)
(1.080e+000 5.200e-002 2.495e+000) (1.080e+000 5.200e-002 2.345e+000) (1.080e+000 6.020e-001 2.495e+000)  (0.245 0.293 0.261) (0 0 0)
(1.080e+000 6.020e-001 2.345e+000) (1.080e+000 6.020e-001 2.495e+000) (1.080e+000 5.200e-002 2.345e+000)  (0.245 0.293 0.261) (0 0 0)
(4.800e-001 6.020e-001 2.495e+000) (4.800e-001 6.020e-001 2.345e+000) (4.800e-001 5.200e-002 2.495e+000)  (0.245 0.293 0.261) (0 0 0)
(4.800e-001 5.200e-002 2.345e+000) (4.800e-001 5.200e-002 2.495e+000) (4.800e-001 6.020e-001 2.345e+000)  (0.245 0.293 0.261) (0 0 0)
(4.800e-001 5.200e-002 2.495e+000) (4.800e-001 5.200e-002 2.345e+000) (1.080e+000 5.200e-002 2.495e+000)  (0.245 0.293 0.261) (0 0 0)
(1.080e+000 5.200e-002 2.345e+000) (1.080e+000 5.200e-002 2.495e+000) (4.800e-001 5.200e-002 2.345e+000)  (0.245 0.293 0.261) (0 0 0)
(1.080e+000 6.020e-001 2.495e+000) (1.080e+000 6.020e-001 2.345e+000) (4.800e-001 6.020e-001 2.495e+000)  (0.245 0.293 0.261) (0 0 0)
(4.800e-001 6.020e-001 2.345e+000) (4.800e-001 6.020e-001 2.495e+000) (1.080e+000 6.020e-001 2.345e+000)  (0.245 0.293 0.261) (0 0 0)
(1.080e+000 5.200e-002 2.495e+000) (1.080e+000 6.020e-001 2.495e+000) (4.800e-001 5.200e-002 2.495e+000)  (0.245 0.293 0.261) (0 0 0)
(4.800e-001 6.020e-001 2.495e+000) (4.800e-001 5.200e-002 2.495e+000) (1.080e+000 6.020e-001 2.495e+000)  (0.245 0.293 0.261) (0 0 0)
(1.080e+000 5.200e-002 2.345e+000) (4.800e-001 5.200e-002 2.345e+000) (1.080e+000 6.020e-001 2.345e+000)  (0.245 0.293 0.261) (0 0 0)
(4.800e-001 6.020e-001 2.345e+000) (1.080e+000 6.020e-001 2.345e+000) (4.800e-001 5.200e-002 2.345e+000)  (0.245 0.293 0.261) (0 0 0)
(1.080e+000 5.200e-002 3.120e+000) (1.080e+000 5.200e-002 2.970e+000) (1.080e+000 6.020e-001 3.120e+000)  (0.245 0.293 0.261) (0 0 0)
(1.080e+000 6.020e-001 2.970e+000) (1.080e+000 6.020e-001 3.120e+000) (1.080e+000 5.200e-002 2.970e+000)  (0.245 0.293 0.261) (0 0 0)
(4.800e-001 6.020e-001 3.120e+000) (4.800e-001 6.020e-001 2.970e+000) (4.800e-001 5.200e-002 3.120e+000)  (0.245 0.293 0.261) (0 0 0)
(4.800e-001 5.200e-002 2.970e+000) (4.800e-001 5.200e-002 3.120e+000) (4.800e-001 6.020e-001 2.970e+000)  (0.245 0.293 0.261) (0 0 0)
(4.800e-001 5.200e-002 3.120e+000) (4.800e-001 5.200e-002 2.970e+000) (1.080e+000 5.200e-002 3.120e+000)  (0.245 0.293 0.261) (0 0 0)
(1.080e+000 5.200e-002 2.970e+000) (1.080e+000 5.200e-002 3.120e+000) (4.800e-001 5.200e-002 2.970e+000)  (0.245 0.293 0.261) (0 0 0)
(1.080e+000 6.020e-001 3.120e+000) (1.080e+000 6.020e-001 2.970e+000) (4.800e-001 6.020e-001 3.120e+000)  (0.245 0.293 0.261) (0 0 0)
(4.800e-001 6.020e-001 2.970e+000) (4.800e-001 6.020e-001 3.120e+000) (1.080e+000 6.020e-001 2.970e+000)  (0.245 0.293 0.261) (0 0 0)
(1.080e+000 5.200e-002 3.120e+000) (1.080e+000 6.020e-001 3.120e+000) (4.800e-001 5.200e-002 3.120e+000)  (0.245 0.293 0.261) (0 0 0)
(4.800e-001 6.020e-001 3.120e+000) (4.800e-001 5.200e-002 3.120e+000) (1.080e+000 6.020e-001 3.120e+000)  (0.245 0.293 0.261) (0 0 0)
(1.080e+000 5.200e-002 2.970e+000) (4.800e-001 5.200e-002 2.970e+000) (1.080e+000 6.020e-001 2.970e+000)  (0.245 0.293 0.261) (0 0 0)
(4.800e-001 6.020e-001 2.970e+000) (1.080e+000 6.020e-001 2.970e+000) (4.800e-001 5.200e-002 2.970e+000)  (0.245 0.293 0.261) (0 0 0)
(1.130e+000 3.200e-002 2.495e+000) (1.130e+000 1.820e-001 2.495e+000) (1.130e+000 3.200e-002 2.970e+000)  (0.245 0.293 0.261) (0 0 0)
(1.130e+000 1.820e-001 2.970e+000) (1.130e+000 3.200e-002 2.970e+000) (1.130e+000 1.820e-001 2.495e+000)  (0.245 0.293 0.261) (0 0 0)
(5.300e-001 3.200e-002 2.970e+000) (5.300e-001 1.820e-001 2.970e+000) (5.300e-001 3.200e-002 2.495e+000)  (0.245 0.293 0.261) (0 0 0)
(5.300e-001 1.820e-001 2.495e+000) (5.300e-001 3.200e-002 2.495e+000) (5.300e-001 1.820e-001 2.970e+000)  (0.245 0.293 0.261) (0 0 0)
(5.300e-001 3.200e-002 2.495e+000) (5.300e-001 1.820e-001 2.495e+000) (1.130e+000 3.200e-002 2.495e+000)  (0.245 0.293 0.261) (0 0 0)
(1.130e+000 1.820e-001 2.495e+000) (1.130e+000 3.200e-002 2.495e+000) (5.300e-001 1.820e-001 2.495e+000)  (0.245 0.293 0.261) (0 0 0)
(1.130e+000 3.200e-002 2.970e+000) (1.130e+000 1.820e-001 2.970e+000) (5.300e-001 3.200e-002 2.970e+000)  (0.245 0.293 0.261) (0 0 0)
(5.300e-001 1.820e-001 2.970e+000) (5.300e-001 3.200e-002 2.970e+000) (1.130e+000 1.820e-001 2.970e+000)  (0.245 0.293 0.261) (0 0 0)
(1.130e+000 3.200e-002 2.495e+000) (1.130e+000 3.200e-002 2.970e+000) (5.300e-001 3.200e-002 2.495e+000)  (0.245 0.293 0.261) (0 0 0)
(5.300e-001 3.200e-002 2.970e+000) (5.300e-001 3.200e-002 2.495e+000) (1.130e+000 3.200e-002 2.970e+000)  (0.245 0.293 0.261) (0 0 0)
(1.130e+000 1.820e-001 2.495e+000) (5.300e-001 1.820e-001 2.495e+000) (1.130e+000 1.820e-001 2.970e+000)  (0.245 0.293 0.261) (0 0 0)
(5.300e-001 1.820e-001 2.970e+000) (1.130e+000 1.820e-001 2.970e+000) (5.300e-001 1.820e-001 2.495e+000)  (0.245 0.293 0.261) (0 0 0)
(2.880e+000 5.200e-002 2.970e+000) (2.880e+000 3.020e-001 2.970e+000) (2.880e+000 5.200e-002 2.495e+000)  (0.245 0.293 0.261) (0 0 0)
(2.880e+000 3.020e-001 2.495e+000) (2.880e+000 5.200e-002 2.495e+000) (2.880e+000 3.020e-001 2.970e+000)  (0.245 0.293 0.261) (0 0 0)
(3.370e+000 5.200e-002 2.495e+000) (3.370e+000 3.020e-001 2.495e+000) (3.370e+000 5.200e-002 2.970e+000)  (0.245 0.293 0.261) (0 0 0)
(3.370e+000 3.020e-001 2.970e+000) (3.370e+000 5.200e-002 2.970e+000) (3.370e+000 3.020e-001 2.495e+000)  (0.245 0.293 0.261) (0 0 0)
(3.370e+000 5.200e-002 2.970e+000) (3.370e+000 3.020e-001 2.970e+000) (2.880e+000 5.200e-002 2.970e+000)  (0.245 0.293 0.261) (0 0 0)
(2.880e+000 3.020e-001 2.970e+000) (2.880e+000 5.200e-002 2.970e+000) (3.370e+000 3.020e-001 2.970e+000)  (0.245 0.293 0.261) (0 0 0)
(2.880e+000 5.200e-002 2.495e+000) (2.880e+000 3.020e-001 2.495e+000) (3.370e+000 5.200e-002 2.495e+000)  (0.245 0.293 0.261) (0 0 0)
(3.370e+000 3.020e-001 2.495e+000) (3.370e+000 5.200e-002 2.495e+000) (2.880e+000 3.020e-001 2.495e+000)  (0.245 0.293 0.261) (0 0 0)
(2.880e+000 5.200e-002 2.970e+000) (2.880e+000 5.200e-002 2.495e+000) (3.370e+000 5.200e-002 2.970e+000)  (0.245 0.293 0.261) (0 0 0)
(3.370e+000 5.200e-002 2.495e+000) (3.370e+000 5.200e-002 2.970e+000) (2.880e+000 5.200e-002 2.495e+000)  (0.245 0.293 0.261) (0 0 0)
(2.880e+000 3.020e-001 2.970e+000) (3.370e+000 3.020e-001 2.970e+000) (2.880e+000 3.020e-001 2.495e+000)  (0.245 0.293 0.261) (0 0 0)
(3.370e+000 3.020e-001 2.495e+000) (2.880e+000 3.020e-001 2.495e+000) (3.370e+000 3.020e-001 2.970e+000)  (0.245 0.293 0.261) (0 0 0)
(3.520e+000 5.200e-002 2.970e+000) (3.372e+000 7.805e-002 2.970e+000) (3.520e+000 5.200e-002 2.495e+000)  (0.245 0.293 0.261) (0 0 0)
(3.372e+000 7.805e-002 2.495e+000) (3.520e+000 5.200e-002 2.495e+000) (3.372e+000 7.805e-002 2.970e+000)  (0.245 0.293 0.261) (0 0 0)
(3.676e+000 9.383e-001 2.495e+000) (3.529e+000 9.644e-001 2.495e+000) (3.676e+000 9.383e-001 2.970e+000)  (0.245 0.293 0.261) (0 0 0)
(3.529e+000 9.644e-001 2.970e+000) (3.676e+000 9.383e-001 2.970e+000) (3.529e+000 9.644e-001 2.495e+000)  (0.245 0.293 0.261) (0 0 0)
(3.676e+000 9.383e-001 2.970e+000) (3.529e+000 9.644e-001 2.970e+000) (3.520e+000 5.200e-002 2.970e+000)  (0.245 0.293 0.261) (0 0 0)
(3.372e+000 7.805e-002 2.970e+000) (3.520e+000 5.200e-002 2.970e+000) (3.529e+000 9.644e-001 2.970e+000)  (0.245 0.293 0.261) (0 0 0)
(3.520e+000 5.200e-002 2.495e+000) (3.372e+000 7.805e-002 2.495e+000) (3.676e+000 9.383e-001 2.495e+000)  (0.245 0.293 0.261) (0 0 0)
(3.529e+000 9.644e-001 2.495e+000) (3.676e+000 9.383e-001 2.495e+000) (3.372e+000 7.805e-002 2.495e+000)  (0.245 0.293 0.261) (0 0 0)
(3.520e+000 5.200e-002 2.970e+000) (3.520e+000 5.200e-002 2.495e+000) (3.676e+000 9.383e-001 2.970e+000)  (0.245 0.293 0.261) (0 0 0)
(3.676e+000 9.383e-001 2.495e+000) (3.676e+000 9.383e-001 2.970e+000) (3.520e+000 5.200e-002 2.495e+000)  (0.245 0.293 0.261) (0 0 0)
(3.372e+000 7.805e-002 2.970e+000) (3.529e+000 9.644e-001 2.970e+000) (3.372e+000 7.805e-002 2.495e+000)  (0.245 0.293 0.261) (0 0 0)
(3.529e+000 9.644e-001 2.495e+000) (3.372e+000 7.805e-002 2.495e+000) (3.529e+000 9.644e-001 2.970e+000)  (0.245 0.293 0.261) (0 0 0)
(2.920e+000 5.200e-002 2.970e+000) (2.920e+000 5.200e-002 3.120e+000) (2.920e+000 6.020e-001 2.970e+000)  (0.245 0.293 0.261) (0 0 0)
(2.920e+000 6.020e-001 3.120e+000) (2.920e+000 6.020e-001 2.970e+000) (2.920e+000 5.200e-002 3.120e+000)  (0.245 0.293 0.261) (0 0 0)
(3.520e+000 6.020e-001 2.970e+000) (3.520e+000 6.020e-001 3.120e+000) (3.520e+000 5.200e-002 2.970e+000)  (0.245 0.293 0.261) (0 0 0)
(3.520e+000 5.200e-002 3.120e+000) (3.520e+000 5.200e-002 2.970e+000) (3.520e+000 6.020e-001 3.120e+000)  (0.245 0.293 0.261) (0 0 0)
(3.520e+000 5.200e-002 2.970e+000) (3.520e+000 5.200e-002 3.120e+000) (2.920e+000 5.200e-002 2.970e+000)  (0.245 0.293 0.261) (0 0 0)
(2.920e+000 5.200e-002 3.120e+000) (2.920e+000 5.200e-002 2.970e+000) (3.520e+000 5.200e-002 3.120e+000)  (0.245 0.293 0.261) (0 0 0)
(2.920e+000 6.020e-001 2.970e+000) (2.920e+000 6.020e-001 3.120e+000) (3.520e+000 6.020e-001 2.970e+000)  (0.245 0.293 0.261) (0 0 0)
(3.520e+000 6.020e-001 3.120e+000) (3.520e+000 6.020e-001 2.970e+000) (2.920e+000 6.020e-001 3.120e+000)  (0.245 0.293 0.261) (0 0 0)
(2.920e+000 5.200e-002 2.970e+000) (2.920e+000 6.020e-001 2.970e+000) (3.520e+000 5.200e-002 2.970e+000)  (0.245 0.293 0.261) (0 0 0)
(3.520e+000 6.020e-001 2.970e+000) (3.520e+000 5.200e-002 2.970e+000) (2.920e+000 6.020e-001 2.970e+000)  (0.245 0.293 0.261) (0 0 0)
(2.920e+000 5.200e-002 3.120e+000) (3.520e+000 5.200e-002 3.120e+000) (2.920e+000 6.020e-001 3.120e+000)  (0.245 0.293 0.261) (0 0 0)
(3.520e+000 6.020e-001 3.120e+000) (2.920e+000 6.020e-001 3.120e+000) (3.520e+000 5.200e-002 3.120e+000)  (0.245 0.293 0.261) (0 0 0)
(2.920e+000 5.200e-002 2.345e+000) (2.920e+000 5.200e-002 2.495e+000) (2.920e+000 6.020e-001 2.345e+000)  (0.245 0.293 0.261) (0 0 0)
(2.920e+000 6.020e-001 2.495e+000) (2.920e+000 6.020e-001 2.345e+000) (2.920e+000 5.200e-002 2.495e+000)  (0.245 0.293 0.261) (0 0 0)
(3.520e+000 6.020e-001 2.345e+000) (3.520e+000 6.020e-001 2.495e+000) (3.520e+000 5.200e-002 2.345e+000)  (0.245 0.293 0.261) (0 0 0)
(3.520e+000 5.200e-002 2.495e+000) (3.520e+000 5.200e-002 2.345e+000) (3.520e+000 6.020e-001 2.495e+000)  (0.245 0.293 0.261) (0 0 0)
(3.520e+000 5.200e-002 2.345e+000) (3.520e+000 5.200e-002 2.495e+000) (2.920e+000 5.200e-002 2.345e+000)  (0.245 0.293 0.261) (0 0 0)
(2.920e+000 5.200e-002 2.495e+000) (2.920e+000 5.200e-002 2.345e+000) (3.520e+000 5.200e-002 2.495e+000)  (0.245 0.293 0.261) (0 0 0)
(2.920e+000 6.020e-001 2.345e+000) (2.920e+000 6.020e-001 2.495e+000) (3.520e+000 6.020e-001 2.345e+000)  (0.245 0.293 0.261) (0 0 0)
(3.520e+000 6.020e-001 2.495e+000) (3.520e+000 6.020e-001 2.345e+000) (2.920e+000 6.020e-001 2.495e+000)  (0.245 0.293 0.261) (0 0 0)
(2.920e+000 5.200e-002 2.345e+000) (2.920e+000 6.020e-001 2.345e+000) (3.520e+000 5.200e-002 2.345e+000)  (0.245 0.293 0.261) (0 0 0)
(3.520e+000 6.020e-001 2.345e+000) (3.520e+000 5.200e-002 2.345e+000) (2.920e+000 6.020e-001 2.345e+000)  (0.245 0.293 0.261) (0 0 0)
(2.920e+000 5.200e-002 2.495e+000) (3.520e+000 5.200e-002 2.495e+000) (2.920e+000 6.020e-001 2.495e+000)  (0.245 0.293 0.261) (0 0 0)
(3.520e+000 6.020e-001 2.495e+000) (2.920e+000 6.020e-001 2.495e+000) (3.520e+000 5.200e-002 2.495e+000)  (0.245 0.293 0.261) (0 0 0)
(2.870e+000 3.200e-002 2.970e+000) (2.870e+000 1.820e-001 2.970e+000) (2.870e+000 3.200e-002 2.495e+000)  (0.245 0.293 0.261) (0 0 0)
(2.870e+000 1.820e-001 2.495e+000) (2.870e+000 3.200e-002 2.495e+000) (2.870e+000 1.820e-001 2.970e+000)  (0.245 0.293 0.261) (0 0 0)
(3.470e+000 3.200e-002 2.495e+000) (3.470e+000 1.820e-001 2.495e+000) (3.470e+000 3.200e-002 2.970e+000)  (0.245 0.293 0.261) (0 0 0)
(3.470e+000 1.820e-001 2.970e+000) (3.470e+000 3.200e-002 2.970e+000) (3.470e+000 1.820e-001 2.495e+000)  (0.245 0.293 0.261) (0 0 0)
(3.470e+000 3.200e-002 2.970e+000) (3.470e+000 1.820e-001 2.970e+000) (2.870e+000 3.200e-002 2.970e+000)  (0.245 0.293 0.261) (0 0 0)
(2.870e+000 1.820e-001 2.970e+000) (2.870e+000 3.200e-002 2.970e+000) (3.470e+000 1.820e-001 2.970e+000)  (0.245 0.293 0.261) (0 0 0)
(2.870e+000 3.200e-002 2.495e+000) (2.870e+000 1.820e-001 2.495e+000) (3.470e+000 3.200e-002 2.495e+000)  (0.245 0.293 0.261) (0 0 0)
(3.470e+000 1.820e-001 2.495e+000) (3.470e+000 3.200e-002 2.495e+000) (2.870e+000 1.820e-001 2.495e+000)  (0.245 0.293 0.261) (0 0 0)
(2.870e+000 3.200e-002 2.970e+000) (2.870e+000 3.200e-002 2.495e+000) (3.470e+000 3.200e-002 2.970e+000)  (0.245 0.293 0.261) (0 0 0)
(3.470e+000 3.200e-002 2.495e+000) (3.470e+000 3.200e-002 2.970e+000) (2.870e+000 3.200e-002 2.495e+000)  (0.245 0.293 0.261) (0 0 0)
(2.870e+000 1.820e-001 2.970e+000) (3.470e+000 1.820e-001 2.970e+000) (2.870e+000 1.820e-001 2.495e+000)  (0.245 0.293 0.261) (0 0 0)
(3.470e+000 1.820e-001 2.495e+000) (2.870e+000 1.820e-001 2.495e+000) (3.470e+000 1.820e-001 2.970e+000)  (0.245 0.293 0.261) (0 0 0)
